   0.0000000e+00   1.0000000e+03   0.0000000e+00   9.4444252e+02   2.3424498e+02
   1.0000000e+02   1.0000000e+03   0.0000000e+00   9.1883439e+02   2.9716224e+02
   2.0000000e+02   1.0000000e+03   0.0000000e+00   8.9514968e+02   3.5475490e+02
   3.0000000e+02   1.0000000e+03   0.0000000e+00   8.7346001e+02   4.0709992e+02
   4.0000000e+02   1.0000000e+03   0.0000000e+00   8.5388863e+02   4.5595332e+02
   5.0000000e+02   1.0000000e+03   0.0000000e+00   8.3555816e+02   5.0041255e+02
   6.0000000e+02   1.0000000e+03   0.0000000e+00   8.1862029e+02   5.4152953e+02
   0.0000000e+00   9.0000000e+02   0.0000000e+00   8.7664086e+02   2.2658220e+02
   1.0000000e+02   9.0000000e+02   0.0000000e+00   8.5355558e+02   2.9029308e+02
   2.0000000e+02   9.0000000e+02   0.0000000e+00   8.3262704e+02   3.4869919e+02
   3.0000000e+02   9.0000000e+02   0.0000000e+00   8.1342930e+02   4.0176450e+02
   4.0000000e+02   9.0000000e+02   0.0000000e+00   7.9594759e+02   4.5074037e+02
   5.0000000e+02   9.0000000e+02   0.0000000e+00   7.7966538e+02   4.9595019e+02
   6.0000000e+02   9.0000000e+02   0.0000000e+00   7.6489196e+02   5.3776621e+02
   0.0000000e+00   8.0000000e+02   0.0000000e+00   8.0767221e+02   2.1877921e+02
   1.0000000e+02   8.0000000e+02   0.0000000e+00   7.8741419e+02   2.8350997e+02
   2.0000000e+02   8.0000000e+02   0.0000000e+00   7.6923106e+02   3.4257039e+02
   3.0000000e+02   8.0000000e+02   0.0000000e+00   7.5253439e+02   3.9629759e+02
   4.0000000e+02   8.0000000e+02   0.0000000e+00   7.3728142e+02   4.4557855e+02
   5.0000000e+02   8.0000000e+02   0.0000000e+00   7.2323917e+02   4.9132218e+02
   6.0000000e+02   8.0000000e+02   0.0000000e+00   7.1032048e+02   5.3396613e+02
   0.0000000e+00   7.0000000e+02   0.0000000e+00   7.3750982e+02   2.1091743e+02
   1.0000000e+02   7.0000000e+02   0.0000000e+00   7.2038787e+02   2.7648341e+02
   2.0000000e+02   7.0000000e+02   0.0000000e+00   7.0501874e+02   3.3619535e+02
   3.0000000e+02   7.0000000e+02   0.0000000e+00   6.9071010e+02   3.9045019e+02
   4.0000000e+02   7.0000000e+02   0.0000000e+00   6.7797784e+02   4.4051515e+02
   5.0000000e+02   7.0000000e+02   0.0000000e+00   6.6605000e+02   4.8671199e+02
   6.0000000e+02   7.0000000e+02   0.0000000e+00   6.5528117e+02   5.2996722e+02
   0.0000000e+00   6.0000000e+02   0.0000000e+00   6.6637877e+02   2.0258341e+02
   1.0000000e+02   6.0000000e+02   0.0000000e+00   6.5237416e+02   2.6920192e+02
   2.0000000e+02   6.0000000e+02   0.0000000e+00   6.3977494e+02   3.2947912e+02
   3.0000000e+02   6.0000000e+02   0.0000000e+00   6.2837657e+02   3.8456473e+02
   4.0000000e+02   6.0000000e+02   0.0000000e+00   6.1778547e+02   4.3552152e+02
   5.0000000e+02   6.0000000e+02   0.0000000e+00   6.0820154e+02   4.8244007e+02
   6.0000000e+02   6.0000000e+02   0.0000000e+00   5.9914301e+02   5.2561621e+02
   0.0000000e+00   5.0000000e+02   0.0000000e+00   5.9337254e+02   1.9387938e+02
   1.0000000e+02   5.0000000e+02   0.0000000e+00   5.8288425e+02   2.6152695e+02
   2.0000000e+02   5.0000000e+02   0.0000000e+00   5.7345621e+02   3.2272824e+02
   3.0000000e+02   5.0000000e+02   0.0000000e+00   5.6458534e+02   3.7877548e+02
   4.0000000e+02   5.0000000e+02   0.0000000e+00   5.5648860e+02   4.3040891e+02
   5.0000000e+02   5.0000000e+02   0.0000000e+00   5.4895344e+02   4.7795540e+02
   6.0000000e+02   5.0000000e+02   0.0000000e+00   5.4189652e+02   5.2190458e+02
   0.0000000e+00   4.0000000e+02   0.0000000e+00   5.1886598e+02   1.8459830e+02
   1.0000000e+02   4.0000000e+02   0.0000000e+00   5.1180784e+02   2.5349180e+02
   2.0000000e+02   4.0000000e+02   0.0000000e+00   5.0559146e+02   3.1576951e+02
   3.0000000e+02   4.0000000e+02   0.0000000e+00   4.9955744e+02   3.7255328e+02
   4.0000000e+02   4.0000000e+02   0.0000000e+00   4.9408700e+02   4.2475706e+02
   5.0000000e+02   4.0000000e+02   0.0000000e+00   4.8873155e+02   4.7312215e+02
   6.0000000e+02   4.0000000e+02   0.0000000e+00   4.8376319e+02   5.1793071e+02
   0.0000000e+00   3.0000000e+02   0.0000000e+00   4.4256515e+02   1.7467816e+02
   1.0000000e+02   3.0000000e+02   0.0000000e+00   4.3927853e+02   2.4511628e+02
   2.0000000e+02   3.0000000e+02   0.0000000e+00   4.3591408e+02   3.0857639e+02
   3.0000000e+02   3.0000000e+02   0.0000000e+00   4.3301077e+02   3.6640903e+02
   4.0000000e+02   3.0000000e+02   0.0000000e+00   4.3012090e+02   4.1941669e+02
   5.0000000e+02   3.0000000e+02   0.0000000e+00   4.2730180e+02   4.6836943e+02
   6.0000000e+02   3.0000000e+02   0.0000000e+00   4.2448674e+02   5.1376291e+02
   0.0000000e+00   2.0000000e+02   0.0000000e+00   3.6380408e+02   1.6454936e+02
   1.0000000e+02   2.0000000e+02   0.0000000e+00   3.6425912e+02   2.3614219e+02
   2.0000000e+02   2.0000000e+02   0.0000000e+00   3.6446721e+02   3.0097975e+02
   3.0000000e+02   2.0000000e+02   0.0000000e+00   3.6438257e+02   3.5990762e+02
   4.0000000e+02   2.0000000e+02   0.0000000e+00   3.6434283e+02   4.1377839e+02
   5.0000000e+02   2.0000000e+02   0.0000000e+00   3.6419150e+02   4.6346462e+02
   6.0000000e+02   2.0000000e+02   0.0000000e+00   3.6365005e+02   5.0950173e+02
   0.0000000e+00   1.0000000e+02   0.0000000e+00   2.8291261e+02   1.5412077e+02
   1.0000000e+02   1.0000000e+02   0.0000000e+00   2.8712102e+02   2.2703828e+02
   2.0000000e+02   1.0000000e+02   0.0000000e+00   2.9077084e+02   2.9313822e+02
   3.0000000e+02   1.0000000e+02   0.0000000e+00   2.9403804e+02   3.5307304e+02
   4.0000000e+02   1.0000000e+02   0.0000000e+00   2.9688771e+02   4.0822387e+02
   5.0000000e+02   1.0000000e+02   0.0000000e+00   2.9933804e+02   4.5858056e+02
   6.0000000e+02   1.0000000e+02   0.0000000e+00   3.0138779e+02   5.0542395e+02
   0.0000000e+00   0.0000000e+00   0.0000000e+00   2.0019426e+02   1.4342505e+02
   1.0000000e+02   0.0000000e+00   0.0000000e+00   2.0814304e+02   2.1788495e+02
   2.0000000e+02   0.0000000e+00   0.0000000e+00   2.1547960e+02   2.8498382e+02
   3.0000000e+02   0.0000000e+00   0.0000000e+00   2.2204429e+02   3.4616922e+02
   4.0000000e+02   0.0000000e+00   0.0000000e+00   2.2805199e+02   4.0201301e+02
   5.0000000e+02   0.0000000e+00   0.0000000e+00   2.3323508e+02   4.5354582e+02
   6.0000000e+02   0.0000000e+00   0.0000000e+00   2.3794271e+02   5.0067137e+02
