   0.0000000e+00   1.0000000e+03   0.0000000e+00   9.5897091e+02   1.6178428e+02
   1.0000000e+02   1.0000000e+03   0.0000000e+00   9.3822077e+02   2.1437581e+02
   2.0000000e+02   1.0000000e+03   0.0000000e+00   9.1857773e+02   2.6339612e+02
   3.0000000e+02   1.0000000e+03   0.0000000e+00   9.0061403e+02   3.0872106e+02
   4.0000000e+02   1.0000000e+03   0.0000000e+00   8.8346688e+02   3.5154877e+02
   5.0000000e+02   1.0000000e+03   0.0000000e+00   8.6783092e+02   3.9127805e+02
   6.0000000e+02   1.0000000e+03   0.0000000e+00   8.5332094e+02   4.2840986e+02
   0.0000000e+00   9.0000000e+02   0.0000000e+00   9.0567947e+02   1.4480362e+02
   1.0000000e+02   9.0000000e+02   0.0000000e+00   8.8724999e+02   1.9650133e+02
   2.0000000e+02   9.0000000e+02   0.0000000e+00   8.6972048e+02   2.4464621e+02
   3.0000000e+02   9.0000000e+02   0.0000000e+00   8.5365936e+02   2.8948099e+02
   4.0000000e+02   9.0000000e+02   0.0000000e+00   8.3862071e+02   3.3155722e+02
   5.0000000e+02   9.0000000e+02   0.0000000e+00   8.2469351e+02   3.7071944e+02
   6.0000000e+02   9.0000000e+02   0.0000000e+00   8.1155107e+02   4.0762183e+02
   0.0000000e+00   8.0000000e+02   0.0000000e+00   8.5559705e+02   1.2903834e+02
   1.0000000e+02   8.0000000e+02   0.0000000e+00   8.3922137e+02   1.7966129e+02
   2.0000000e+02   8.0000000e+02   0.0000000e+00   8.2370484e+02   2.2703420e+02
   3.0000000e+02   8.0000000e+02   0.0000000e+00   8.0952550e+02   2.7130967e+02
   4.0000000e+02   8.0000000e+02   0.0000000e+00   7.9631249e+02   3.1258152e+02
   5.0000000e+02   8.0000000e+02   0.0000000e+00   7.8391614e+02   3.5144144e+02
   6.0000000e+02   8.0000000e+02   0.0000000e+00   7.7224714e+02   3.8782432e+02
   0.0000000e+00   7.0000000e+02   0.0000000e+00   8.0857238e+02   1.1391867e+02
   1.0000000e+02   7.0000000e+02   0.0000000e+00   7.9398017e+02   1.6377088e+02
   2.0000000e+02   7.0000000e+02   0.0000000e+00   7.8052760e+02   2.1048142e+02
   3.0000000e+02   7.0000000e+02   0.0000000e+00   7.6808179e+02   2.5388949e+02
   4.0000000e+02   7.0000000e+02   0.0000000e+00   7.5635891e+02   2.9476578e+02
   5.0000000e+02   7.0000000e+02   0.0000000e+00   7.4544315e+02   3.3304949e+02
   6.0000000e+02   7.0000000e+02   0.0000000e+00   7.3495637e+02   3.6927937e+02
   0.0000000e+00   6.0000000e+02   0.0000000e+00   7.6420836e+02   9.9844012e+01
   1.0000000e+02   6.0000000e+02   0.0000000e+00   7.5154437e+02   1.4882894e+02
   2.0000000e+02   6.0000000e+02   0.0000000e+00   7.3976163e+02   1.9460050e+02
   3.0000000e+02   6.0000000e+02   0.0000000e+00   7.2871598e+02   2.3753603e+02
   4.0000000e+02   6.0000000e+02   0.0000000e+00   7.1840898e+02   2.7783367e+02
   5.0000000e+02   6.0000000e+02   0.0000000e+00   7.0870777e+02   3.1564494e+02
   6.0000000e+02   6.0000000e+02   0.0000000e+00   6.9978717e+02   3.5129483e+02
   0.0000000e+00   5.0000000e+02   0.0000000e+00   7.2229018e+02   8.6429332e+01
   1.0000000e+02   5.0000000e+02   0.0000000e+00   7.1134480e+02   1.3452705e+02
   2.0000000e+02   5.0000000e+02   0.0000000e+00   7.0122453e+02   1.7961454e+02
   3.0000000e+02   5.0000000e+02   0.0000000e+00   6.9152016e+02   2.2182189e+02
   4.0000000e+02   5.0000000e+02   0.0000000e+00   6.8240051e+02   2.6166572e+02
   5.0000000e+02   5.0000000e+02   0.0000000e+00   6.7389045e+02   2.9891622e+02
   6.0000000e+02   5.0000000e+02   0.0000000e+00   6.6605794e+02   3.3434046e+02
   0.0000000e+00   4.0000000e+02   0.0000000e+00   6.8266518e+02   7.3530033e+01
   1.0000000e+02   4.0000000e+02   0.0000000e+00   6.7336139e+02   1.2087619e+02
   2.0000000e+02   4.0000000e+02   0.0000000e+00   6.6452444e+02   1.6528635e+02
   3.0000000e+02   4.0000000e+02   0.0000000e+00   6.5631452e+02   2.0689577e+02
   4.0000000e+02   4.0000000e+02   0.0000000e+00   6.4851948e+02   2.4612865e+02
   5.0000000e+02   4.0000000e+02   0.0000000e+00   6.4107754e+02   2.8319385e+02
   6.0000000e+02   4.0000000e+02   0.0000000e+00   6.3401889e+02   3.1792860e+02
   0.0000000e+00   3.0000000e+02   0.0000000e+00   6.4541411e+02   6.1293077e+01
   1.0000000e+02   3.0000000e+02   0.0000000e+00   6.3734004e+02   1.0775554e+02
   2.0000000e+02   3.0000000e+02   0.0000000e+00   6.2967482e+02   1.5152922e+02
   3.0000000e+02   3.0000000e+02   0.0000000e+00   6.2257947e+02   1.9256948e+02
   4.0000000e+02   3.0000000e+02   0.0000000e+00   6.1602176e+02   2.3136902e+02
   5.0000000e+02   3.0000000e+02   0.0000000e+00   6.0966591e+02   2.6773193e+02
   6.0000000e+02   3.0000000e+02   0.0000000e+00   6.0357127e+02   3.0235520e+02
   0.0000000e+00   2.0000000e+02   0.0000000e+00   6.0981908e+02   4.9509221e+01
   1.0000000e+02   2.0000000e+02   0.0000000e+00   6.0316698e+02   9.5251920e+01
   2.0000000e+02   2.0000000e+02   0.0000000e+00   5.9662520e+02   1.3830630e+02
   3.0000000e+02   2.0000000e+02   0.0000000e+00   5.9055915e+02   1.7880934e+02
   4.0000000e+02   2.0000000e+02   0.0000000e+00   5.8509155e+02   2.1704747e+02
   5.0000000e+02   2.0000000e+02   0.0000000e+00   5.7961083e+02   2.5325449e+02
   6.0000000e+02   2.0000000e+02   0.0000000e+00   5.7449886e+02   2.8738317e+02
   0.0000000e+00   1.0000000e+02   0.0000000e+00   5.7617653e+02   3.8329425e+01
   1.0000000e+02   1.0000000e+02   0.0000000e+00   5.7044460e+02   8.3290874e+01
   2.0000000e+02   1.0000000e+02   0.0000000e+00   5.6516974e+02   1.2562443e+02
   3.0000000e+02   1.0000000e+02   0.0000000e+00   5.6005582e+02   1.6555907e+02
   4.0000000e+02   1.0000000e+02   0.0000000e+00   5.5538021e+02   2.0349048e+02
   5.0000000e+02   1.0000000e+02   0.0000000e+00   5.5077697e+02   2.3910960e+02
   6.0000000e+02   1.0000000e+02   0.0000000e+00   5.4637052e+02   2.7301606e+02
   0.0000000e+00   0.0000000e+00   0.0000000e+00   5.4404689e+02   2.7631800e+01
   1.0000000e+02   0.0000000e+00   0.0000000e+00   5.3928887e+02   7.1698172e+01
   2.0000000e+02   0.0000000e+00   0.0000000e+00   5.3491719e+02   1.1350412e+02
   3.0000000e+02   0.0000000e+00   0.0000000e+00   5.3096134e+02   1.5292749e+02
   4.0000000e+02   0.0000000e+00   0.0000000e+00   5.2703100e+02   1.9035996e+02
   5.0000000e+02   0.0000000e+00   0.0000000e+00   5.2323401e+02   2.2548715e+02
   6.0000000e+02   0.0000000e+00   0.0000000e+00   5.1969395e+02   2.5901137e+02
