   0.0000000e+00   1.0000000e+03   0.0000000e+00   9.9013767e+02   2.1167073e+02
   1.0000000e+02   1.0000000e+03   0.0000000e+00   9.6467775e+02   2.7050911e+02
   2.0000000e+02   1.0000000e+03   0.0000000e+00   9.4135388e+02   3.2489232e+02
   3.0000000e+02   1.0000000e+03   0.0000000e+00   9.2011108e+02   3.7477097e+02
   4.0000000e+02   1.0000000e+03   0.0000000e+00   8.9967927e+02   4.2124704e+02
   5.0000000e+02   1.0000000e+03   0.0000000e+00   8.8182076e+02   4.6413932e+02
   6.0000000e+02   1.0000000e+03   0.0000000e+00   8.6527970e+02   5.0407508e+02
   0.0000000e+00   9.0000000e+02   0.0000000e+00   9.3958579e+02   1.8703688e+02
   1.0000000e+02   9.0000000e+02   0.0000000e+00   9.1733536e+02   2.4399314e+02
   2.0000000e+02   9.0000000e+02   0.0000000e+00   8.9655280e+02   2.9665732e+02
   3.0000000e+02   9.0000000e+02   0.0000000e+00   8.7764603e+02   3.4534078e+02
   4.0000000e+02   9.0000000e+02   0.0000000e+00   8.6021898e+02   3.9050688e+02
   5.0000000e+02   9.0000000e+02   0.0000000e+00   8.4414001e+02   4.3257553e+02
   6.0000000e+02   9.0000000e+02   0.0000000e+00   8.2907265e+02   4.7166266e+02
   0.0000000e+00   8.0000000e+02   0.0000000e+00   8.9402523e+02   1.6497274e+02
   1.0000000e+02   8.0000000e+02   0.0000000e+00   8.7440149e+02   2.2011370e+02
   2.0000000e+02   8.0000000e+02   0.0000000e+00   8.5600351e+02   2.7104574e+02
   3.0000000e+02   8.0000000e+02   0.0000000e+00   8.3940837e+02   3.1841866e+02
   4.0000000e+02   8.0000000e+02   0.0000000e+00   8.2403761e+02   3.6252620e+02
   5.0000000e+02   8.0000000e+02   0.0000000e+00   8.0964521e+02   4.0362925e+02
   6.0000000e+02   8.0000000e+02   0.0000000e+00   7.9616747e+02   4.4215444e+02
   0.0000000e+00   7.0000000e+02   0.0000000e+00   8.5300100e+02   1.4491761e+02
   1.0000000e+02   7.0000000e+02   0.0000000e+00   8.3544865e+02   1.9833454e+02
   2.0000000e+02   7.0000000e+02   0.0000000e+00   8.1944675e+02   2.4789209e+02
   3.0000000e+02   7.0000000e+02   0.0000000e+00   8.0471240e+02   2.9382640e+02
   4.0000000e+02   7.0000000e+02   0.0000000e+00   7.9098795e+02   3.3701441e+02
   5.0000000e+02   7.0000000e+02   0.0000000e+00   7.7821876e+02   3.7729273e+02
   6.0000000e+02   7.0000000e+02   0.0000000e+00   7.6593156e+02   4.1495363e+02
   0.0000000e+00   6.0000000e+02   0.0000000e+00   8.1559775e+02   1.2684001e+02
   1.0000000e+02   6.0000000e+02   0.0000000e+00   8.0032105e+02   1.7848483e+02
   2.0000000e+02   6.0000000e+02   0.0000000e+00   7.8616032e+02   2.2661597e+02
   3.0000000e+02   6.0000000e+02   0.0000000e+00   7.7301812e+02   2.7158318e+02
   4.0000000e+02   6.0000000e+02   0.0000000e+00   7.6048687e+02   3.1354730e+02
   5.0000000e+02   6.0000000e+02   0.0000000e+00   7.4913540e+02   3.5288090e+02
   6.0000000e+02   6.0000000e+02   0.0000000e+00   7.3857820e+02   3.8973482e+02
   0.0000000e+00   5.0000000e+02   0.0000000e+00   7.8155745e+02   1.1023622e+02
   1.0000000e+02   5.0000000e+02   0.0000000e+00   7.6805644e+02   1.6035964e+02
   2.0000000e+02   5.0000000e+02   0.0000000e+00   7.5548269e+02   2.0704866e+02
   3.0000000e+02   5.0000000e+02   0.0000000e+00   7.4363901e+02   2.5074067e+02
   4.0000000e+02   5.0000000e+02   0.0000000e+00   7.3256005e+02   2.9182611e+02
   5.0000000e+02   5.0000000e+02   0.0000000e+00   7.2230939e+02   3.3037275e+02
   6.0000000e+02   5.0000000e+02   0.0000000e+00   7.1265334e+02   3.6642441e+02
   0.0000000e+00   4.0000000e+02   0.0000000e+00   7.5050498e+02   9.4842543e+01
   1.0000000e+02   4.0000000e+02   0.0000000e+00   7.3851377e+02   1.4344833e+02
   2.0000000e+02   4.0000000e+02   0.0000000e+00   7.2738622e+02   1.8894678e+02
   3.0000000e+02   4.0000000e+02   0.0000000e+00   7.1692801e+02   2.3159368e+02
   4.0000000e+02   4.0000000e+02   0.0000000e+00   7.0725762e+02   2.7168153e+02
   5.0000000e+02   4.0000000e+02   0.0000000e+00   6.9775643e+02   3.0942996e+02
   6.0000000e+02   4.0000000e+02   0.0000000e+00   6.8908596e+02   3.4486373e+02
   0.0000000e+00   3.0000000e+02   0.0000000e+00   7.2208134e+02   8.0642258e+01
   1.0000000e+02   3.0000000e+02   0.0000000e+00   7.1140255e+02   1.2785825e+02
   2.0000000e+02   3.0000000e+02   0.0000000e+00   7.0114457e+02   1.7222780e+02
   3.0000000e+02   3.0000000e+02   0.0000000e+00   6.9194608e+02   2.1365938e+02
   4.0000000e+02   3.0000000e+02   0.0000000e+00   6.8332302e+02   2.5290704e+02
   5.0000000e+02   3.0000000e+02   0.0000000e+00   6.7483381e+02   2.8956655e+02
   6.0000000e+02   3.0000000e+02   0.0000000e+00   6.6681744e+02   3.2439854e+02
   0.0000000e+00   2.0000000e+02   0.0000000e+00   6.9592664e+02   6.7604285e+01
   1.0000000e+02   2.0000000e+02   0.0000000e+00   6.8651248e+02   1.1346652e+02
   2.0000000e+02   2.0000000e+02   0.0000000e+00   6.7745756e+02   1.5656162e+02
   3.0000000e+02   2.0000000e+02   0.0000000e+00   6.6908960e+02   1.9727735e+02
   4.0000000e+02   2.0000000e+02   0.0000000e+00   6.6142581e+02   2.3551613e+02
   5.0000000e+02   2.0000000e+02   0.0000000e+00   6.5384371e+02   2.7156719e+02
   6.0000000e+02   2.0000000e+02   0.0000000e+00   6.4680169e+02   3.0577610e+02
   0.0000000e+00   1.0000000e+02   0.0000000e+00   6.7165042e+02   5.5429942e+01
   1.0000000e+02   1.0000000e+02   0.0000000e+00   6.6321443e+02   1.0005418e+02
   2.0000000e+02   1.0000000e+02   0.0000000e+00   6.5525316e+02   1.4208134e+02
   3.0000000e+02   1.0000000e+02   0.0000000e+00   6.4770127e+02   1.8163766e+02
   4.0000000e+02   1.0000000e+02   0.0000000e+00   6.4068781e+02   2.1924871e+02
   5.0000000e+02   1.0000000e+02   0.0000000e+00   6.3402270e+02   2.5451327e+02
   6.0000000e+02   1.0000000e+02   0.0000000e+00   6.2759340e+02   2.8804065e+02
   0.0000000e+00   0.0000000e+00   0.0000000e+00   6.4929146e+02   4.4153918e+01
   1.0000000e+02   0.0000000e+00   0.0000000e+00   6.4152295e+02   8.7470413e+01
   2.0000000e+02   0.0000000e+00   0.0000000e+00   6.3449599e+02   1.2841973e+02
   3.0000000e+02   0.0000000e+00   0.0000000e+00   6.2784635e+02   1.6717028e+02
   4.0000000e+02   0.0000000e+00   0.0000000e+00   6.2159654e+02   2.0381447e+02
   5.0000000e+02   0.0000000e+00   0.0000000e+00   6.1550578e+02   2.3853436e+02
   6.0000000e+02   0.0000000e+00   0.0000000e+00   6.0985624e+02   2.7140673e+02
