   0.0000000e+00   1.0000000e+03   0.0000000e+00   8.2154088e+02   2.7167080e+02
   1.0000000e+02   1.0000000e+03   0.0000000e+00   7.9824548e+02   3.4259066e+02
   2.0000000e+02   1.0000000e+03   0.0000000e+00   7.7720276e+02   4.0650486e+02
   3.0000000e+02   1.0000000e+03   0.0000000e+00   7.5868468e+02   4.6400410e+02
   4.0000000e+02   1.0000000e+03   0.0000000e+00   7.4130665e+02   5.1716087e+02
   5.0000000e+02   1.0000000e+03   0.0000000e+00   7.2612798e+02   5.6526581e+02
   6.0000000e+02   1.0000000e+03   0.0000000e+00   7.1202724e+02   6.0935905e+02
   0.0000000e+00   9.0000000e+02   0.0000000e+00   7.4195042e+02   2.4836454e+02
   1.0000000e+02   9.0000000e+02   0.0000000e+00   7.2323023e+02   3.1817308e+02
   2.0000000e+02   9.0000000e+02   0.0000000e+00   7.0639036e+02   3.8172504e+02
   3.0000000e+02   9.0000000e+02   0.0000000e+00   6.9124693e+02   4.3892083e+02
   4.0000000e+02   9.0000000e+02   0.0000000e+00   6.7753826e+02   4.9154148e+02
   5.0000000e+02   9.0000000e+02   0.0000000e+00   6.6499834e+02   5.3963576e+02
   6.0000000e+02   9.0000000e+02   0.0000000e+00   6.5342754e+02   5.8418169e+02
   0.0000000e+00   8.0000000e+02   0.0000000e+00   6.6676235e+02   2.2557950e+02
   1.0000000e+02   8.0000000e+02   0.0000000e+00   6.5229081e+02   2.9520159e+02
   2.0000000e+02   8.0000000e+02   0.0000000e+00   6.3910716e+02   3.5797246e+02
   3.0000000e+02   8.0000000e+02   0.0000000e+00   6.2736699e+02   4.1504386e+02
   4.0000000e+02   8.0000000e+02   0.0000000e+00   6.1656906e+02   4.6731388e+02
   5.0000000e+02   8.0000000e+02   0.0000000e+00   6.0676527e+02   5.1524630e+02
   6.0000000e+02   8.0000000e+02   0.0000000e+00   5.9746179e+02   5.6004895e+02
   0.0000000e+00   7.0000000e+02   0.0000000e+00   5.9577819e+02   2.0416813e+02
   1.0000000e+02   7.0000000e+02   0.0000000e+00   5.8507356e+02   2.7297693e+02
   2.0000000e+02   7.0000000e+02   0.0000000e+00   5.7533304e+02   3.3546993e+02
   3.0000000e+02   7.0000000e+02   0.0000000e+00   5.6655774e+02   3.9196883e+02
   4.0000000e+02   7.0000000e+02   0.0000000e+00   5.5849332e+02   4.4418088e+02
   5.0000000e+02   7.0000000e+02   0.0000000e+00   5.5102360e+02   4.9223725e+02
   6.0000000e+02   7.0000000e+02   0.0000000e+00   5.4378441e+02   5.3670882e+02
   0.0000000e+00   6.0000000e+02   0.0000000e+00   5.2821634e+02   1.8337894e+02
   1.0000000e+02   6.0000000e+02   0.0000000e+00   5.2076858e+02   2.5176684e+02
   2.0000000e+02   6.0000000e+02   0.0000000e+00   5.1445252e+02   3.1371780e+02
   3.0000000e+02   6.0000000e+02   0.0000000e+00   5.0840781e+02   3.7026920e+02
   4.0000000e+02   6.0000000e+02   0.0000000e+00   5.0255531e+02   4.2229276e+02
   5.0000000e+02   6.0000000e+02   0.0000000e+00   4.9735016e+02   4.7016536e+02
   6.0000000e+02   6.0000000e+02   0.0000000e+00   4.9256128e+02   5.1431179e+02
   0.0000000e+00   5.0000000e+02   0.0000000e+00   4.6319809e+02   1.6343005e+02
   1.0000000e+02   5.0000000e+02   0.0000000e+00   4.5937573e+02   2.3129195e+02
   2.0000000e+02   5.0000000e+02   0.0000000e+00   4.5569856e+02   2.9277648e+02
   3.0000000e+02   5.0000000e+02   0.0000000e+00   4.5219873e+02   3.4924099e+02
   4.0000000e+02   5.0000000e+02   0.0000000e+00   4.4867269e+02   4.0117771e+02
   5.0000000e+02   5.0000000e+02   0.0000000e+00   4.4541786e+02   4.4896754e+02
   6.0000000e+02   5.0000000e+02   0.0000000e+00   4.4256212e+02   4.9323448e+02
   0.0000000e+00   4.0000000e+02   0.0000000e+00   4.0114451e+02   1.4401817e+02
   1.0000000e+02   4.0000000e+02   0.0000000e+00   4.0025970e+02   2.1144511e+02
   2.0000000e+02   4.0000000e+02   0.0000000e+00   3.9930874e+02   2.7272047e+02
   3.0000000e+02   4.0000000e+02   0.0000000e+00   3.9822664e+02   3.2880096e+02
   4.0000000e+02   4.0000000e+02   0.0000000e+00   3.9712699e+02   3.8046170e+02
   5.0000000e+02   4.0000000e+02   0.0000000e+00   3.9575821e+02   4.2837168e+02
   6.0000000e+02   4.0000000e+02   0.0000000e+00   3.9444492e+02   4.7271529e+02
   0.0000000e+00   3.0000000e+02   0.0000000e+00   3.4195052e+02   1.2531105e+02
   1.0000000e+02   3.0000000e+02   0.0000000e+00   3.4342556e+02   1.9228800e+02
   2.0000000e+02   3.0000000e+02   0.0000000e+00   3.4460070e+02   2.5332129e+02
   3.0000000e+02   3.0000000e+02   0.0000000e+00   3.4586720e+02   3.0921459e+02
   4.0000000e+02   3.0000000e+02   0.0000000e+00   3.4702208e+02   3.6072088e+02
   5.0000000e+02   3.0000000e+02   0.0000000e+00   3.4765559e+02   4.0832579e+02
   6.0000000e+02   3.0000000e+02   0.0000000e+00   3.4806208e+02   4.5262126e+02
   0.0000000e+00   2.0000000e+02   0.0000000e+00   2.8511294e+02   1.0751420e+02
   1.0000000e+02   2.0000000e+02   0.0000000e+00   2.8891458e+02   1.7365727e+02
   2.0000000e+02   2.0000000e+02   0.0000000e+00   2.9241097e+02   2.3449574e+02
   3.0000000e+02   2.0000000e+02   0.0000000e+00   2.9538052e+02   2.9011562e+02
   4.0000000e+02   2.0000000e+02   0.0000000e+00   2.9845670e+02   3.4149011e+02
   5.0000000e+02   2.0000000e+02   0.0000000e+00   3.0096000e+02   3.8907198e+02
   6.0000000e+02   2.0000000e+02   0.0000000e+00   3.0306143e+02   4.3331787e+02
   0.0000000e+00   1.0000000e+02   0.0000000e+00   2.3096078e+02   9.0612159e+01
   1.0000000e+02   1.0000000e+02   0.0000000e+00   2.3655520e+02   1.5610967e+02
   2.0000000e+02   1.0000000e+02   0.0000000e+00   2.4206972e+02   2.1628064e+02
   3.0000000e+02   1.0000000e+02   0.0000000e+00   2.4701782e+02   2.7165211e+02
   4.0000000e+02   1.0000000e+02   0.0000000e+00   2.5160712e+02   3.2290571e+02
   5.0000000e+02   1.0000000e+02   0.0000000e+00   2.5568053e+02   3.7041474e+02
   6.0000000e+02   1.0000000e+02   0.0000000e+00   2.5929905e+02   4.1459127e+02
   0.0000000e+00   0.0000000e+00   0.0000000e+00   1.7954385e+02   7.4790642e+01
   1.0000000e+02   0.0000000e+00   0.0000000e+00   1.8669096e+02   1.3941074e+02
   2.0000000e+02   0.0000000e+00   0.0000000e+00   1.9387343e+02   1.9882382e+02
   3.0000000e+02   0.0000000e+00   0.0000000e+00   2.0055718e+02   2.5384537e+02
   4.0000000e+02   0.0000000e+00   0.0000000e+00   2.0668752e+02   3.0480353e+02
   5.0000000e+02   0.0000000e+00   0.0000000e+00   2.1214120e+02   3.5229027e+02
   6.0000000e+02   0.0000000e+00   0.0000000e+00   2.1737265e+02   3.9627555e+02
