   0.0000000e+00   1.0000000e+03   0.0000000e+00   9.5999255e+02   1.9883911e+02
   1.0000000e+02   1.0000000e+03   0.0000000e+00   9.3650062e+02   2.5654000e+02
   2.0000000e+02   1.0000000e+03   0.0000000e+00   9.1448058e+02   3.0976741e+02
   3.0000000e+02   1.0000000e+03   0.0000000e+00   8.9401582e+02   3.5869597e+02
   4.0000000e+02   1.0000000e+03   0.0000000e+00   8.7552176e+02   4.0465066e+02
   5.0000000e+02   1.0000000e+03   0.0000000e+00   8.5776834e+02   4.4659118e+02
   6.0000000e+02   1.0000000e+03   0.0000000e+00   8.4138619e+02   4.8576355e+02
   0.0000000e+00   9.0000000e+02   0.0000000e+00   9.1023493e+02   1.9934054e+02
   1.0000000e+02   9.0000000e+02   0.0000000e+00   8.8779082e+02   2.5846923e+02
   2.0000000e+02   9.0000000e+02   0.0000000e+00   8.6746366e+02   3.1309102e+02
   3.0000000e+02   9.0000000e+02   0.0000000e+00   8.4837232e+02   3.6313029e+02
   4.0000000e+02   9.0000000e+02   0.0000000e+00   8.3068430e+02   4.0952114e+02
   5.0000000e+02   9.0000000e+02   0.0000000e+00   8.1435094e+02   4.5253696e+02
   6.0000000e+02   9.0000000e+02   0.0000000e+00   7.9929170e+02   4.9263847e+02
   0.0000000e+00   8.0000000e+02   0.0000000e+00   8.5766755e+02   1.9972271e+02
   1.0000000e+02   8.0000000e+02   0.0000000e+00   8.3674558e+02   2.6053039e+02
   2.0000000e+02   8.0000000e+02   0.0000000e+00   8.1765975e+02   3.1654069e+02
   3.0000000e+02   8.0000000e+02   0.0000000e+00   8.0019702e+02   3.6755632e+02
   4.0000000e+02   8.0000000e+02   0.0000000e+00   7.8365956e+02   4.1473278e+02
   5.0000000e+02   8.0000000e+02   0.0000000e+00   7.6877232e+02   4.5865995e+02
   6.0000000e+02   8.0000000e+02   0.0000000e+00   7.5514593e+02   4.9962025e+02
   0.0000000e+00   7.0000000e+02   0.0000000e+00   8.0182373e+02   2.0034251e+02
   1.0000000e+02   7.0000000e+02   0.0000000e+00   7.8283808e+02   2.6267671e+02
   2.0000000e+02   7.0000000e+02   0.0000000e+00   7.6551684e+02   3.1979048e+02
   3.0000000e+02   7.0000000e+02   0.0000000e+00   7.4936375e+02   3.7206600e+02
   4.0000000e+02   7.0000000e+02   0.0000000e+00   7.3467519e+02   4.2040024e+02
   5.0000000e+02   7.0000000e+02   0.0000000e+00   7.2134093e+02   4.6511279e+02
   6.0000000e+02   7.0000000e+02   0.0000000e+00   7.0922754e+02   5.0697771e+02
   0.0000000e+00   6.0000000e+02   0.0000000e+00   7.4293176e+02   2.0064493e+02
   1.0000000e+02   6.0000000e+02   0.0000000e+00   7.2606288e+02   2.6508479e+02
   2.0000000e+02   6.0000000e+02   0.0000000e+00   7.1053047e+02   3.2335750e+02
   3.0000000e+02   6.0000000e+02   0.0000000e+00   6.9646048e+02   3.7675708e+02
   4.0000000e+02   6.0000000e+02   0.0000000e+00   6.8359970e+02   4.2639309e+02
   5.0000000e+02   6.0000000e+02   0.0000000e+00   6.7172289e+02   4.7206747e+02
   6.0000000e+02   6.0000000e+02   0.0000000e+00   6.6052654e+02   5.1416035e+02
   0.0000000e+00   5.0000000e+02   0.0000000e+00   6.8011239e+02   2.0108671e+02
   1.0000000e+02   5.0000000e+02   0.0000000e+00   6.6559267e+02   2.6716776e+02
   2.0000000e+02   5.0000000e+02   0.0000000e+00   6.5245322e+02   3.2689097e+02
   3.0000000e+02   5.0000000e+02   0.0000000e+00   6.4045984e+02   3.8190487e+02
   4.0000000e+02   5.0000000e+02   0.0000000e+00   6.2951215e+02   4.3252086e+02
   5.0000000e+02   5.0000000e+02   0.0000000e+00   6.1941309e+02   4.7932896e+02
   6.0000000e+02   5.0000000e+02   0.0000000e+00   6.0988297e+02   5.2240524e+02
   0.0000000e+00   4.0000000e+02   0.0000000e+00   6.1326605e+02   2.0130033e+02
   1.0000000e+02   4.0000000e+02   0.0000000e+00   6.0152647e+02   2.6940160e+02
   2.0000000e+02   4.0000000e+02   0.0000000e+00   5.9105294e+02   3.3096771e+02
   3.0000000e+02   4.0000000e+02   0.0000000e+00   5.8131921e+02   3.8702515e+02
   4.0000000e+02   4.0000000e+02   0.0000000e+00   5.7228515e+02   4.3869699e+02
   5.0000000e+02   4.0000000e+02   0.0000000e+00   5.6395316e+02   4.8664037e+02
   6.0000000e+02   4.0000000e+02   0.0000000e+00   5.5647624e+02   5.3089040e+02
   0.0000000e+00   3.0000000e+02   0.0000000e+00   5.4166948e+02   2.0095755e+02
   1.0000000e+02   3.0000000e+02   0.0000000e+00   5.3336356e+02   2.7150568e+02
   2.0000000e+02   3.0000000e+02   0.0000000e+00   5.2567026e+02   3.3506864e+02
   3.0000000e+02   3.0000000e+02   0.0000000e+00   5.1843708e+02   3.9269352e+02
   4.0000000e+02   3.0000000e+02   0.0000000e+00   5.1173502e+02   4.4565497e+02
   5.0000000e+02   3.0000000e+02   0.0000000e+00   5.0551390e+02   4.9449309e+02
   6.0000000e+02   3.0000000e+02   0.0000000e+00   4.9976274e+02   5.3984956e+02
   0.0000000e+00   2.0000000e+02   0.0000000e+00   4.6497080e+02   2.0070177e+02
   1.0000000e+02   2.0000000e+02   0.0000000e+00   4.5996263e+02   2.7330654e+02
   2.0000000e+02   2.0000000e+02   0.0000000e+00   4.5559571e+02   3.3922864e+02
   3.0000000e+02   2.0000000e+02   0.0000000e+00   4.5137242e+02   3.9866172e+02
   4.0000000e+02   2.0000000e+02   0.0000000e+00   4.4726695e+02   4.5298400e+02
   5.0000000e+02   2.0000000e+02   0.0000000e+00   4.4339788e+02   5.0302674e+02
   6.0000000e+02   2.0000000e+02   0.0000000e+00   4.3971729e+02   5.4937020e+02
   0.0000000e+00   1.0000000e+02   0.0000000e+00   3.8165205e+02   1.9995330e+02
   1.0000000e+02   1.0000000e+02   0.0000000e+00   3.8117769e+02   2.7571312e+02
   2.0000000e+02   1.0000000e+02   0.0000000e+00   3.8018209e+02   3.4339540e+02
   3.0000000e+02   1.0000000e+02   0.0000000e+00   3.7931903e+02   4.0479723e+02
   4.0000000e+02   1.0000000e+02   0.0000000e+00   3.7829614e+02   4.6081719e+02
   5.0000000e+02   1.0000000e+02   0.0000000e+00   3.7721312e+02   5.1224239e+02
   6.0000000e+02   1.0000000e+02   0.0000000e+00   3.7607425e+02   5.5966776e+02
   0.0000000e+00   0.0000000e+00   0.0000000e+00   2.9169060e+02   1.9919660e+02
   1.0000000e+02   0.0000000e+00   0.0000000e+00   2.9567386e+02   2.7782568e+02
   2.0000000e+02   0.0000000e+00   0.0000000e+00   2.9904169e+02   3.4805381e+02
   3.0000000e+02   0.0000000e+00   0.0000000e+00   3.0190647e+02   4.1144970e+02
   4.0000000e+02   0.0000000e+00   0.0000000e+00   3.0432715e+02   4.6919861e+02
   5.0000000e+02   0.0000000e+00   0.0000000e+00   3.0633900e+02   5.2192852e+02
   6.0000000e+02   0.0000000e+00   0.0000000e+00   3.0824641e+02   5.7029834e+02
