   0.0000000e+00   1.0000000e+03   0.0000000e+00   9.8350549e+02   1.9048698e+02
   1.0000000e+02   1.0000000e+03   0.0000000e+00   9.5988303e+02   2.4645054e+02
   2.0000000e+02   1.0000000e+03   0.0000000e+00   9.3799994e+02   2.9846173e+02
   3.0000000e+02   1.0000000e+03   0.0000000e+00   9.1795669e+02   3.4646040e+02
   4.0000000e+02   1.0000000e+03   0.0000000e+00   8.9894943e+02   3.9126062e+02
   5.0000000e+02   1.0000000e+03   0.0000000e+00   8.8177996e+02   4.3273827e+02
   6.0000000e+02   1.0000000e+03   0.0000000e+00   8.6589675e+02   4.7149150e+02
   0.0000000e+00   9.0000000e+02   0.0000000e+00   9.3059001e+02   1.6910513e+02
   1.0000000e+02   9.0000000e+02   0.0000000e+00   9.0978451e+02   2.2364840e+02
   2.0000000e+02   9.0000000e+02   0.0000000e+00   8.9041063e+02   2.7431991e+02
   3.0000000e+02   9.0000000e+02   0.0000000e+00   8.7255701e+02   3.2130986e+02
   4.0000000e+02   9.0000000e+02   0.0000000e+00   8.5600115e+02   3.6522399e+02
   5.0000000e+02   9.0000000e+02   0.0000000e+00   8.4072264e+02   4.0592253e+02
   6.0000000e+02   9.0000000e+02   0.0000000e+00   8.2643036e+02   4.4417309e+02
   0.0000000e+00   8.0000000e+02   0.0000000e+00   8.8208499e+02   1.4959253e+02
   1.0000000e+02   8.0000000e+02   0.0000000e+00   8.6370109e+02   2.0266420e+02
   2.0000000e+02   8.0000000e+02   0.0000000e+00   8.4650727e+02   2.5215044e+02
   3.0000000e+02   8.0000000e+02   0.0000000e+00   8.3078237e+02   2.9812016e+02
   4.0000000e+02   8.0000000e+02   0.0000000e+00   8.1636290e+02   3.4096191e+02
   5.0000000e+02   8.0000000e+02   0.0000000e+00   8.0269044e+02   3.8100977e+02
   6.0000000e+02   8.0000000e+02   0.0000000e+00   7.8978485e+02   4.1858448e+02
   0.0000000e+00   7.0000000e+02   0.0000000e+00   8.3755653e+02   1.3163514e+02
   1.0000000e+02   7.0000000e+02   0.0000000e+00   8.2128756e+02   1.8340528e+02
   2.0000000e+02   7.0000000e+02   0.0000000e+00   8.0636990e+02   2.3163353e+02
   3.0000000e+02   7.0000000e+02   0.0000000e+00   7.9244461e+02   2.7642389e+02
   4.0000000e+02   7.0000000e+02   0.0000000e+00   7.7950440e+02   3.1859220e+02
   5.0000000e+02   7.0000000e+02   0.0000000e+00   7.6746035e+02   3.5784469e+02
   6.0000000e+02   7.0000000e+02   0.0000000e+00   7.5585639e+02   3.9487192e+02
   0.0000000e+00   6.0000000e+02   0.0000000e+00   7.9649435e+02   1.1511152e+02
   1.0000000e+02   6.0000000e+02   0.0000000e+00   7.8227816e+02   1.6556446e+02
   2.0000000e+02   6.0000000e+02   0.0000000e+00   7.6915440e+02   2.1258468e+02
   3.0000000e+02   6.0000000e+02   0.0000000e+00   7.5676920e+02   2.5655615e+02
   4.0000000e+02   6.0000000e+02   0.0000000e+00   7.4527396e+02   2.9769014e+02
   5.0000000e+02   6.0000000e+02   0.0000000e+00   7.3449738e+02   3.3645421e+02
   6.0000000e+02   6.0000000e+02   0.0000000e+00   7.2464726e+02   3.7266213e+02
   0.0000000e+00   5.0000000e+02   0.0000000e+00   7.5851621e+02   9.9694663e+01
   1.0000000e+02   5.0000000e+02   0.0000000e+00   7.4606024e+02   1.4884790e+02
   2.0000000e+02   5.0000000e+02   0.0000000e+00   7.3451833e+02   1.9478547e+02
   3.0000000e+02   5.0000000e+02   0.0000000e+00   7.2357784e+02   2.3774402e+02
   4.0000000e+02   5.0000000e+02   0.0000000e+00   7.1333338e+02   2.7828789e+02
   5.0000000e+02   5.0000000e+02   0.0000000e+00   7.0369183e+02   3.1623267e+02
   6.0000000e+02   5.0000000e+02   0.0000000e+00   6.9489035e+02   3.5186956e+02
   0.0000000e+00   4.0000000e+02   0.0000000e+00   7.2343193e+02   8.5388540e+01
   1.0000000e+02   4.0000000e+02   0.0000000e+00   7.1251243e+02   1.3332563e+02
   2.0000000e+02   4.0000000e+02   0.0000000e+00   7.0237916e+02   1.7824860e+02
   3.0000000e+02   4.0000000e+02   0.0000000e+00   6.9279139e+02   2.2035997e+02
   4.0000000e+02   4.0000000e+02   0.0000000e+00   6.8397212e+02   2.5987598e+02
   5.0000000e+02   4.0000000e+02   0.0000000e+00   6.7537728e+02   2.9730173e+02
   6.0000000e+02   4.0000000e+02   0.0000000e+00   6.6738210e+02   3.3244338e+02
   0.0000000e+00   3.0000000e+02   0.0000000e+00   6.9084688e+02   7.1849491e+01
   1.0000000e+02   3.0000000e+02   0.0000000e+00   6.8130894e+02   1.1865330e+02
   2.0000000e+02   3.0000000e+02   0.0000000e+00   6.7229840e+02   1.6260860e+02
   3.0000000e+02   3.0000000e+02   0.0000000e+00   6.6391174e+02   2.0377906e+02
   4.0000000e+02   3.0000000e+02   0.0000000e+00   6.5624222e+02   2.4276443e+02
   5.0000000e+02   3.0000000e+02   0.0000000e+00   6.4865266e+02   2.7935600e+02
   6.0000000e+02   3.0000000e+02   0.0000000e+00   6.4158146e+02   3.1408104e+02
   0.0000000e+00   2.0000000e+02   0.0000000e+00   6.6052201e+02   5.9322921e+01
   1.0000000e+02   2.0000000e+02   0.0000000e+00   6.5230773e+02   1.0500292e+02
   2.0000000e+02   2.0000000e+02   0.0000000e+00   6.4436531e+02   1.4784457e+02
   3.0000000e+02   2.0000000e+02   0.0000000e+00   6.3684791e+02   1.8839620e+02
   4.0000000e+02   2.0000000e+02   0.0000000e+00   6.3017070e+02   2.2654937e+02
   5.0000000e+02   2.0000000e+02   0.0000000e+00   6.2354144e+02   2.6250555e+02
   6.0000000e+02   2.0000000e+02   0.0000000e+00   6.1735423e+02   2.9654622e+02
   0.0000000e+00   1.0000000e+02   0.0000000e+00   6.3228972e+02   4.7475067e+01
   1.0000000e+02   1.0000000e+02   0.0000000e+00   6.2477383e+02   9.1950661e+01
   2.0000000e+02   1.0000000e+02   0.0000000e+00   6.1792515e+02   1.3400717e+02
   3.0000000e+02   1.0000000e+02   0.0000000e+00   6.1159738e+02   1.7359778e+02
   4.0000000e+02   1.0000000e+02   0.0000000e+00   6.0548405e+02   2.1120726e+02
   5.0000000e+02   1.0000000e+02   0.0000000e+00   5.9973046e+02   2.4653300e+02
   6.0000000e+02   1.0000000e+02   0.0000000e+00   5.9420824e+02   2.8016009e+02
   0.0000000e+00   0.0000000e+00   0.0000000e+00   6.0554391e+02   3.6327039e+01
   1.0000000e+02   0.0000000e+00   0.0000000e+00   5.9914944e+02   7.9716613e+01
   2.0000000e+02   0.0000000e+00   0.0000000e+00   5.9330096e+02   1.2090948e+02
   3.0000000e+02   0.0000000e+00   0.0000000e+00   5.8772501e+02   1.5973163e+02
   4.0000000e+02   0.0000000e+00   0.0000000e+00   5.8249061e+02   1.9658481e+02
   5.0000000e+02   0.0000000e+00   0.0000000e+00   5.7737195e+02   2.3146033e+02
   6.0000000e+02   0.0000000e+00   0.0000000e+00   5.7261866e+02   2.6444986e+02
