   0.0000000e+00   1.0000000e+03   0.0000000e+00   9.5814558e+02   2.1577517e+02
   1.0000000e+02   1.0000000e+03   0.0000000e+00   9.3344032e+02   2.7590273e+02
   2.0000000e+02   1.0000000e+03   0.0000000e+00   9.1042168e+02   3.3131049e+02
   3.0000000e+02   1.0000000e+03   0.0000000e+00   8.8927903e+02   3.8167322e+02
   4.0000000e+02   1.0000000e+03   0.0000000e+00   8.6995444e+02   4.2907986e+02
   5.0000000e+02   1.0000000e+03   0.0000000e+00   8.5165286e+02   4.7229630e+02
   6.0000000e+02   1.0000000e+03   0.0000000e+00   8.3496160e+02   5.1233238e+02
   0.0000000e+00   9.0000000e+02   0.0000000e+00   8.9953745e+02   2.1279834e+02
   1.0000000e+02   9.0000000e+02   0.0000000e+00   8.7655877e+02   2.7413761e+02
   2.0000000e+02   9.0000000e+02   0.0000000e+00   8.5563079e+02   3.3051269e+02
   3.0000000e+02   9.0000000e+02   0.0000000e+00   8.3630706e+02   3.8196505e+02
   4.0000000e+02   9.0000000e+02   0.0000000e+00   8.1853514e+02   4.2960335e+02
   5.0000000e+02   9.0000000e+02   0.0000000e+00   8.0208291e+02   4.7359331e+02
   6.0000000e+02   9.0000000e+02   0.0000000e+00   7.8691452e+02   5.1465770e+02
   0.0000000e+00   8.0000000e+02   0.0000000e+00   8.3860618e+02   2.0968307e+02
   1.0000000e+02   8.0000000e+02   0.0000000e+00   8.1774095e+02   2.7236660e+02
   2.0000000e+02   8.0000000e+02   0.0000000e+00   7.9892583e+02   3.2969775e+02
   3.0000000e+02   8.0000000e+02   0.0000000e+00   7.8151028e+02   3.8209116e+02
   4.0000000e+02   8.0000000e+02   0.0000000e+00   7.6544429e+02   4.3037198e+02
   5.0000000e+02   8.0000000e+02   0.0000000e+00   7.5072665e+02   4.7510652e+02
   6.0000000e+02   8.0000000e+02   0.0000000e+00   7.3727150e+02   5.1693396e+02
   0.0000000e+00   7.0000000e+02   0.0000000e+00   7.7521964e+02   2.0650546e+02
   1.0000000e+02   7.0000000e+02   0.0000000e+00   7.5673345e+02   2.7042814e+02
   2.0000000e+02   7.0000000e+02   0.0000000e+00   7.4018794e+02   3.2883915e+02
   3.0000000e+02   7.0000000e+02   0.0000000e+00   7.2467771e+02   3.8196048e+02
   4.0000000e+02   7.0000000e+02   0.0000000e+00   7.1080857e+02   4.3130689e+02
   5.0000000e+02   7.0000000e+02   0.0000000e+00   6.9784151e+02   4.7665357e+02
   6.0000000e+02   7.0000000e+02   0.0000000e+00   6.8631622e+02   5.1928280e+02
   0.0000000e+00   6.0000000e+02   0.0000000e+00   7.0936296e+02   2.0286102e+02
   1.0000000e+02   6.0000000e+02   0.0000000e+00   6.9359198e+02   2.6844412e+02
   2.0000000e+02   6.0000000e+02   0.0000000e+00   6.7941793e+02   3.2773947e+02
   3.0000000e+02   6.0000000e+02   0.0000000e+00   6.6643490e+02   3.8204308e+02
   4.0000000e+02   6.0000000e+02   0.0000000e+00   6.5448576e+02   4.3228666e+02
   5.0000000e+02   6.0000000e+02   0.0000000e+00   6.4355979e+02   4.7853387e+02
   6.0000000e+02   6.0000000e+02   0.0000000e+00   6.3331297e+02   5.2121886e+02
   0.0000000e+00   5.0000000e+02   0.0000000e+00   6.4040433e+02   1.9898701e+02
   1.0000000e+02   5.0000000e+02   0.0000000e+00   6.2769192e+02   2.6587785e+02
   2.0000000e+02   5.0000000e+02   0.0000000e+00   6.1611144e+02   3.2657705e+02
   3.0000000e+02   5.0000000e+02   0.0000000e+00   6.0556893e+02   3.8207965e+02
   4.0000000e+02   5.0000000e+02   0.0000000e+00   5.9580274e+02   4.3334638e+02
   5.0000000e+02   5.0000000e+02   0.0000000e+00   5.8697192e+02   4.8039196e+02
   6.0000000e+02   5.0000000e+02   0.0000000e+00   5.7860758e+02   5.2404531e+02
   0.0000000e+00   4.0000000e+02   0.0000000e+00   5.6851961e+02   1.9466445e+02
   1.0000000e+02   4.0000000e+02   0.0000000e+00   5.5893915e+02   2.6334682e+02
   2.0000000e+02   4.0000000e+02   0.0000000e+00   5.5043263e+02   3.2540738e+02
   3.0000000e+02   4.0000000e+02   0.0000000e+00   5.4241703e+02   3.8190186e+02
   4.0000000e+02   4.0000000e+02   0.0000000e+00   5.3509104e+02   4.3378305e+02
   5.0000000e+02   4.0000000e+02   0.0000000e+00   5.2822995e+02   4.8207485e+02
   6.0000000e+02   4.0000000e+02   0.0000000e+00   5.2184378e+02   5.2669901e+02
   0.0000000e+00   3.0000000e+02   0.0000000e+00   4.9289823e+02   1.8969805e+02
   1.0000000e+02   3.0000000e+02   0.0000000e+00   4.8709177e+02   2.6029774e+02
   2.0000000e+02   3.0000000e+02   0.0000000e+00   4.8157104e+02   3.2408025e+02
   3.0000000e+02   3.0000000e+02   0.0000000e+00   4.7645976e+02   3.8182108e+02
   4.0000000e+02   3.0000000e+02   0.0000000e+00   4.7154729e+02   4.3511406e+02
   5.0000000e+02   3.0000000e+02   0.0000000e+00   4.6694623e+02   4.8404471e+02
   6.0000000e+02   3.0000000e+02   0.0000000e+00   4.6274607e+02   5.2943419e+02
   0.0000000e+00   2.0000000e+02   0.0000000e+00   4.1331732e+02   1.8444269e+02
   1.0000000e+02   2.0000000e+02   0.0000000e+00   4.1115030e+02   2.5678086e+02
   2.0000000e+02   2.0000000e+02   0.0000000e+00   4.0912725e+02   3.2242408e+02
   3.0000000e+02   2.0000000e+02   0.0000000e+00   4.0703003e+02   3.8176009e+02
   4.0000000e+02   2.0000000e+02   0.0000000e+00   4.0503171e+02   4.3610025e+02
   5.0000000e+02   2.0000000e+02   0.0000000e+00   4.0284862e+02   4.8608278e+02
   6.0000000e+02   2.0000000e+02   0.0000000e+00   4.0104212e+02   5.3233224e+02
   0.0000000e+00   1.0000000e+02   0.0000000e+00   3.2909179e+02   1.7863287e+02
   1.0000000e+02   1.0000000e+02   0.0000000e+00   3.3116632e+02   2.5344445e+02
   2.0000000e+02   1.0000000e+02   0.0000000e+00   3.3273752e+02   3.2049389e+02
   3.0000000e+02   1.0000000e+02   0.0000000e+00   3.3409795e+02   3.8146346e+02
   4.0000000e+02   1.0000000e+02   0.0000000e+00   3.3515665e+02   4.3723926e+02
   5.0000000e+02   1.0000000e+02   0.0000000e+00   3.3603136e+02   4.8832131e+02
   6.0000000e+02   1.0000000e+02   0.0000000e+00   3.3650448e+02   5.3555020e+02
   0.0000000e+00   0.0000000e+00   0.0000000e+00   2.4011955e+02   1.7253169e+02
   1.0000000e+02   0.0000000e+00   0.0000000e+00   2.4674796e+02   2.4969119e+02
   2.0000000e+02   0.0000000e+00   0.0000000e+00   2.5239077e+02   3.1859342e+02
   3.0000000e+02   0.0000000e+00   0.0000000e+00   2.5750460e+02   3.8131021e+02
   4.0000000e+02   0.0000000e+00   0.0000000e+00   2.6192967e+02   4.3831682e+02
   5.0000000e+02   0.0000000e+00   0.0000000e+00   2.6573308e+02   4.9055678e+02
   6.0000000e+02   0.0000000e+00   0.0000000e+00   2.6939464e+02   5.3843447e+02
