   0.0000000e+00   1.0000000e+03   0.0000000e+00   8.2565758e+02   9.1790316e+01
   1.0000000e+02   1.0000000e+03   0.0000000e+00   8.1233336e+02   1.3736344e+02
   2.0000000e+02   1.0000000e+03   0.0000000e+00   7.9954679e+02   1.8030672e+02
   3.0000000e+02   1.0000000e+03   0.0000000e+00   7.8753551e+02   2.2042571e+02
   4.0000000e+02   1.0000000e+03   0.0000000e+00   7.7629559e+02   2.5859610e+02
   5.0000000e+02   1.0000000e+03   0.0000000e+00   7.6548427e+02   2.9439480e+02
   6.0000000e+02   1.0000000e+03   0.0000000e+00   7.5545308e+02   3.2816395e+02
   0.0000000e+00   9.0000000e+02   0.0000000e+00   7.8118267e+02   8.5222419e+01
   1.0000000e+02   9.0000000e+02   0.0000000e+00   7.6885659e+02   1.3105220e+02
   2.0000000e+02   9.0000000e+02   0.0000000e+00   7.5737932e+02   1.7438445e+02
   3.0000000e+02   9.0000000e+02   0.0000000e+00   7.4654796e+02   2.1480894e+02
   4.0000000e+02   9.0000000e+02   0.0000000e+00   7.3634803e+02   2.5321773e+02
   5.0000000e+02   9.0000000e+02   0.0000000e+00   7.2662936e+02   2.8910967e+02
   6.0000000e+02   9.0000000e+02   0.0000000e+00   7.1754160e+02   3.2329549e+02
   0.0000000e+00   8.0000000e+02   0.0000000e+00   7.3631513e+02   7.8524127e+01
   1.0000000e+02   8.0000000e+02   0.0000000e+00   7.2537144e+02   1.2471790e+02
   2.0000000e+02   8.0000000e+02   0.0000000e+00   7.1511061e+02   1.6838435e+02
   3.0000000e+02   8.0000000e+02   0.0000000e+00   7.0540804e+02   2.0918213e+02
   4.0000000e+02   8.0000000e+02   0.0000000e+00   6.9625153e+02   2.4756086e+02
   5.0000000e+02   8.0000000e+02   0.0000000e+00   6.8764316e+02   2.8374135e+02
   6.0000000e+02   8.0000000e+02   0.0000000e+00   6.7952633e+02   3.1829669e+02
   0.0000000e+00   7.0000000e+02   0.0000000e+00   6.9115037e+02   7.1652353e+01
   1.0000000e+02   7.0000000e+02   0.0000000e+00   6.8150254e+02   1.1836051e+02
   2.0000000e+02   7.0000000e+02   0.0000000e+00   6.7253082e+02   1.6219630e+02
   3.0000000e+02   7.0000000e+02   0.0000000e+00   6.6404879e+02   2.0322191e+02
   4.0000000e+02   7.0000000e+02   0.0000000e+00   6.5597061e+02   2.4198366e+02
   5.0000000e+02   7.0000000e+02   0.0000000e+00   6.4851999e+02   2.7849932e+02
   6.0000000e+02   7.0000000e+02   0.0000000e+00   6.4145650e+02   3.1324467e+02
   0.0000000e+00   6.0000000e+02   0.0000000e+00   6.4571209e+02   6.4635738e+01
   1.0000000e+02   6.0000000e+02   0.0000000e+00   6.3757614e+02   1.1163218e+02
   2.0000000e+02   6.0000000e+02   0.0000000e+00   6.2978866e+02   1.5575738e+02
   3.0000000e+02   6.0000000e+02   0.0000000e+00   6.2256154e+02   1.9733360e+02
   4.0000000e+02   6.0000000e+02   0.0000000e+00   6.1565600e+02   2.3641642e+02
   5.0000000e+02   6.0000000e+02   0.0000000e+00   6.0923390e+02   2.7334847e+02
   6.0000000e+02   6.0000000e+02   0.0000000e+00   6.0309047e+02   3.0781194e+02
   0.0000000e+00   5.0000000e+02   0.0000000e+00   5.9994242e+02   5.7511808e+01
   1.0000000e+02   5.0000000e+02   0.0000000e+00   5.9319163e+02   1.0486930e+02
   2.0000000e+02   5.0000000e+02   0.0000000e+00   5.8665452e+02   1.4942393e+02
   3.0000000e+02   5.0000000e+02   0.0000000e+00   5.8060464e+02   1.9122508e+02
   4.0000000e+02   5.0000000e+02   0.0000000e+00   5.7489750e+02   2.3066304e+02
   5.0000000e+02   5.0000000e+02   0.0000000e+00   5.6957359e+02   2.6772414e+02
   6.0000000e+02   5.0000000e+02   0.0000000e+00   5.6439128e+02   3.0270689e+02
   0.0000000e+00   4.0000000e+02   0.0000000e+00   5.5372634e+02   5.0302461e+01
   1.0000000e+02   4.0000000e+02   0.0000000e+00   5.4841056e+02   9.8022599e+01
   2.0000000e+02   4.0000000e+02   0.0000000e+00   5.4336508e+02   1.4282397e+02
   3.0000000e+02   4.0000000e+02   0.0000000e+00   5.3852277e+02   1.8487597e+02
   4.0000000e+02   4.0000000e+02   0.0000000e+00   5.3394113e+02   2.2452781e+02
   5.0000000e+02   4.0000000e+02   0.0000000e+00   5.2955015e+02   2.6216545e+02
   6.0000000e+02   4.0000000e+02   0.0000000e+00   5.2549345e+02   2.9751916e+02
   0.0000000e+00   3.0000000e+02   0.0000000e+00   5.0734036e+02   4.2671003e+01
   1.0000000e+02   3.0000000e+02   0.0000000e+00   5.0326605e+02   9.0834045e+01
   2.0000000e+02   3.0000000e+02   0.0000000e+00   4.9951661e+02   1.3615136e+02
   3.0000000e+02   3.0000000e+02   0.0000000e+00   4.9601088e+02   1.7854078e+02
   4.0000000e+02   3.0000000e+02   0.0000000e+00   4.9259508e+02   2.1852615e+02
   5.0000000e+02   3.0000000e+02   0.0000000e+00   4.8942653e+02   2.5631701e+02
   6.0000000e+02   3.0000000e+02   0.0000000e+00   4.8628843e+02   2.9205460e+02
   0.0000000e+00   2.0000000e+02   0.0000000e+00   4.6027938e+02   3.5068066e+01
   1.0000000e+02   2.0000000e+02   0.0000000e+00   4.5760074e+02   8.3471165e+01
   2.0000000e+02   2.0000000e+02   0.0000000e+00   4.5525799e+02   1.2927343e+02
   3.0000000e+02   2.0000000e+02   0.0000000e+00   4.5300472e+02   1.7208536e+02
   4.0000000e+02   2.0000000e+02   0.0000000e+00   4.5078904e+02   2.1237182e+02
   5.0000000e+02   2.0000000e+02   0.0000000e+00   4.4864001e+02   2.5038340e+02
   6.0000000e+02   2.0000000e+02   0.0000000e+00   4.4661485e+02   2.8641694e+02
   0.0000000e+00   1.0000000e+02   0.0000000e+00   4.1279518e+02   2.7322185e+01
   1.0000000e+02   1.0000000e+02   0.0000000e+00   4.1167152e+02   7.6170571e+01
   2.0000000e+02   1.0000000e+02   0.0000000e+00   4.1060302e+02   1.2203598e+02
   3.0000000e+02   1.0000000e+02   0.0000000e+00   4.0955270e+02   1.6526766e+02
   4.0000000e+02   1.0000000e+02   0.0000000e+00   4.0857491e+02   2.0615023e+02
   5.0000000e+02   1.0000000e+02   0.0000000e+00   4.0756389e+02   2.4448720e+02
   6.0000000e+02   1.0000000e+02   0.0000000e+00   4.0652276e+02   2.8072071e+02
   0.0000000e+00   0.0000000e+00   0.0000000e+00   3.6519066e+02   1.9517268e+01
   1.0000000e+02   0.0000000e+00   0.0000000e+00   3.6525335e+02   6.8690155e+01
   2.0000000e+02   0.0000000e+00   0.0000000e+00   3.6549929e+02   1.1477960e+02
   3.0000000e+02   0.0000000e+00   0.0000000e+00   3.6566762e+02   1.5848648e+02
   4.0000000e+02   0.0000000e+00   0.0000000e+00   3.6589677e+02   1.9953002e+02
   5.0000000e+02   0.0000000e+00   0.0000000e+00   3.6611924e+02   2.3839032e+02
   6.0000000e+02   0.0000000e+00   0.0000000e+00   3.6624904e+02   2.7481615e+02
