   0.0000000e+00   1.0000000e+03   0.0000000e+00   8.7052729e+02   1.0962825e+02
   1.0000000e+02   1.0000000e+03   0.0000000e+00   8.5509416e+02   1.5666103e+02
   2.0000000e+02   1.0000000e+03   0.0000000e+00   8.4052280e+02   2.0086305e+02
   3.0000000e+02   1.0000000e+03   0.0000000e+00   8.2671036e+02   2.4230414e+02
   4.0000000e+02   1.0000000e+03   0.0000000e+00   8.1383433e+02   2.8147083e+02
   5.0000000e+02   1.0000000e+03   0.0000000e+00   8.0164181e+02   3.1818157e+02
   6.0000000e+02   1.0000000e+03   0.0000000e+00   7.9037912e+02   3.5263280e+02
   0.0000000e+00   9.0000000e+02   0.0000000e+00   8.2254347e+02   1.0045403e+02
   1.0000000e+02   9.0000000e+02   0.0000000e+00   8.0856865e+02   1.4753219e+02
   2.0000000e+02   9.0000000e+02   0.0000000e+00   7.9550703e+02   1.9186755e+02
   3.0000000e+02   9.0000000e+02   0.0000000e+00   7.8315263e+02   2.3331345e+02
   4.0000000e+02   9.0000000e+02   0.0000000e+00   7.7152246e+02   2.7242219e+02
   5.0000000e+02   9.0000000e+02   0.0000000e+00   7.6062507e+02   3.0904133e+02
   6.0000000e+02   9.0000000e+02   0.0000000e+00   7.5042826e+02   3.4370628e+02
   0.0000000e+00   8.0000000e+02   0.0000000e+00   7.7526334e+02   9.1404929e+01
   1.0000000e+02   8.0000000e+02   0.0000000e+00   7.6272719e+02   1.3849844e+02
   2.0000000e+02   8.0000000e+02   0.0000000e+00   7.5111694e+02   1.8276879e+02
   3.0000000e+02   8.0000000e+02   0.0000000e+00   7.4013640e+02   2.2437262e+02
   4.0000000e+02   8.0000000e+02   0.0000000e+00   7.2974041e+02   2.6336377e+02
   5.0000000e+02   8.0000000e+02   0.0000000e+00   7.2014417e+02   3.0025612e+02
   6.0000000e+02   8.0000000e+02   0.0000000e+00   7.1102410e+02   3.3489761e+02
   0.0000000e+00   7.0000000e+02   0.0000000e+00   7.2850953e+02   8.2338789e+01
   1.0000000e+02   7.0000000e+02   0.0000000e+00   7.1756998e+02   1.2951010e+02
   2.0000000e+02   7.0000000e+02   0.0000000e+00   7.0738421e+02   1.7378765e+02
   3.0000000e+02   7.0000000e+02   0.0000000e+00   6.9761800e+02   2.1528706e+02
   4.0000000e+02   7.0000000e+02   0.0000000e+00   6.8860715e+02   2.5445591e+02
   5.0000000e+02   7.0000000e+02   0.0000000e+00   6.8014726e+02   2.9133475e+02
   6.0000000e+02   7.0000000e+02   0.0000000e+00   6.7209912e+02   3.2627135e+02
   0.0000000e+00   6.0000000e+02   0.0000000e+00   6.8246082e+02   7.3302026e+01
   1.0000000e+02   6.0000000e+02   0.0000000e+00   6.7306171e+02   1.2052352e+02
   2.0000000e+02   6.0000000e+02   0.0000000e+00   6.6430237e+02   1.6477795e+02
   3.0000000e+02   6.0000000e+02   0.0000000e+00   6.5578737e+02   2.0642618e+02
   4.0000000e+02   6.0000000e+02   0.0000000e+00   6.4799284e+02   2.4558644e+02
   5.0000000e+02   6.0000000e+02   0.0000000e+00   6.4057901e+02   2.8251790e+02
   6.0000000e+02   6.0000000e+02   0.0000000e+00   6.3364175e+02   3.1725416e+02
   0.0000000e+00   5.0000000e+02   0.0000000e+00   6.3677483e+02   6.4298316e+01
   1.0000000e+02   5.0000000e+02   0.0000000e+00   6.2878725e+02   1.1143549e+02
   2.0000000e+02   5.0000000e+02   0.0000000e+00   6.2140725e+02   1.5582891e+02
   3.0000000e+02   5.0000000e+02   0.0000000e+00   6.1433490e+02   1.9749698e+02
   4.0000000e+02   5.0000000e+02   0.0000000e+00   6.0759878e+02   2.3681181e+02
   5.0000000e+02   5.0000000e+02   0.0000000e+00   6.0141647e+02   2.7372781e+02
   6.0000000e+02   5.0000000e+02   0.0000000e+00   5.9542911e+02   3.0864327e+02
   0.0000000e+00   4.0000000e+02   0.0000000e+00   5.9167332e+02   5.5216885e+01
   1.0000000e+02   4.0000000e+02   0.0000000e+00   5.8524669e+02   1.0247858e+02
   2.0000000e+02   4.0000000e+02   0.0000000e+00   5.7910265e+02   1.4675537e+02
   3.0000000e+02   4.0000000e+02   0.0000000e+00   5.7334633e+02   1.8848424e+02
   4.0000000e+02   4.0000000e+02   0.0000000e+00   5.6782457e+02   2.2772590e+02
   5.0000000e+02   4.0000000e+02   0.0000000e+00   5.6258036e+02   2.6487772e+02
   6.0000000e+02   4.0000000e+02   0.0000000e+00   5.5762509e+02   2.9990901e+02
   0.0000000e+00   3.0000000e+02   0.0000000e+00   5.4722535e+02   4.5960088e+01
   1.0000000e+02   3.0000000e+02   0.0000000e+00   5.4185257e+02   9.3346798e+01
   2.0000000e+02   3.0000000e+02   0.0000000e+00   5.3718933e+02   1.3774233e+02
   3.0000000e+02   3.0000000e+02   0.0000000e+00   5.3258994e+02   1.7955030e+02
   4.0000000e+02   3.0000000e+02   0.0000000e+00   5.2837225e+02   2.1895982e+02
   5.0000000e+02   3.0000000e+02   0.0000000e+00   5.2424615e+02   2.5607024e+02
   6.0000000e+02   3.0000000e+02   0.0000000e+00   5.2026416e+02   2.9128500e+02
   0.0000000e+00   2.0000000e+02   0.0000000e+00   5.0289865e+02   3.6966053e+01
   1.0000000e+02   2.0000000e+02   0.0000000e+00   4.9931950e+02   8.4272769e+01
   2.0000000e+02   2.0000000e+02   0.0000000e+00   4.9556714e+02   1.2866964e+02
   3.0000000e+02   2.0000000e+02   0.0000000e+00   4.9228033e+02   1.7059212e+02
   4.0000000e+02   2.0000000e+02   0.0000000e+00   4.8920329e+02   2.1006951e+02
   5.0000000e+02   2.0000000e+02   0.0000000e+00   4.8603068e+02   2.4736172e+02
   6.0000000e+02   2.0000000e+02   0.0000000e+00   4.8312496e+02   2.8249646e+02
   0.0000000e+00   1.0000000e+02   0.0000000e+00   4.5914682e+02   2.7751868e+01
   1.0000000e+02   1.0000000e+02   0.0000000e+00   4.5658318e+02   7.5056570e+01
   2.0000000e+02   1.0000000e+02   0.0000000e+00   4.5435412e+02   1.1953420e+02
   3.0000000e+02   1.0000000e+02   0.0000000e+00   4.5209354e+02   1.6151047e+02
   4.0000000e+02   1.0000000e+02   0.0000000e+00   4.5019475e+02   2.0119376e+02
   5.0000000e+02   1.0000000e+02   0.0000000e+00   4.4812310e+02   2.3854616e+02
   6.0000000e+02   1.0000000e+02   0.0000000e+00   4.4598035e+02   2.7378814e+02
   0.0000000e+00   0.0000000e+00   0.0000000e+00   4.1575561e+02   1.8785083e+01
   1.0000000e+02   0.0000000e+00   0.0000000e+00   4.1449761e+02   6.6136674e+01
   2.0000000e+02   0.0000000e+00   0.0000000e+00   4.1341059e+02   1.1053398e+02
   3.0000000e+02   0.0000000e+00   0.0000000e+00   4.1241309e+02   1.5251855e+02
   4.0000000e+02   0.0000000e+00   0.0000000e+00   4.1140724e+02   1.9225155e+02
   5.0000000e+02   0.0000000e+00   0.0000000e+00   4.1041158e+02   2.2971082e+02
   6.0000000e+02   0.0000000e+00   0.0000000e+00   4.0943102e+02   2.6515580e+02
