   0.0000000e+00   1.0000000e+03   0.0000000e+00   7.0361073e+02   2.7504573e+02
   1.0000000e+02   1.0000000e+03   0.0000000e+00   6.8550983e+02   3.4953914e+02
   2.0000000e+02   1.0000000e+03   0.0000000e+00   6.6944936e+02   4.1601875e+02
   3.0000000e+02   1.0000000e+03   0.0000000e+00   6.5551481e+02   4.7595617e+02
   4.0000000e+02   1.0000000e+03   0.0000000e+00   6.4201099e+02   5.3083941e+02
   5.0000000e+02   1.0000000e+03   0.0000000e+00   6.3061508e+02   5.8067681e+02
   6.0000000e+02   1.0000000e+03   0.0000000e+00   6.2027798e+02   6.2646394e+02
   0.0000000e+00   9.0000000e+02   0.0000000e+00   6.3379418e+02   2.4380217e+02
   1.0000000e+02   9.0000000e+02   0.0000000e+00   6.2042652e+02   3.1620923e+02
   2.0000000e+02   9.0000000e+02   0.0000000e+00   6.0809264e+02   3.8186568e+02
   3.0000000e+02   9.0000000e+02   0.0000000e+00   5.9714711e+02   4.4076236e+02
   4.0000000e+02   9.0000000e+02   0.0000000e+00   5.8734817e+02   4.9484587e+02
   5.0000000e+02   9.0000000e+02   0.0000000e+00   5.7830398e+02   5.4432523e+02
   6.0000000e+02   9.0000000e+02   0.0000000e+00   5.6985276e+02   5.8981590e+02
   0.0000000e+00   8.0000000e+02   0.0000000e+00   5.7036009e+02   2.1502014e+02
   1.0000000e+02   8.0000000e+02   0.0000000e+00   5.6052205e+02   2.8602996e+02
   2.0000000e+02   8.0000000e+02   0.0000000e+00   5.5153273e+02   3.5028981e+02
   3.0000000e+02   8.0000000e+02   0.0000000e+00   5.4362704e+02   4.0833178e+02
   4.0000000e+02   8.0000000e+02   0.0000000e+00   5.3653502e+02   4.6156193e+02
   5.0000000e+02   8.0000000e+02   0.0000000e+00   5.2978160e+02   5.1042613e+02
   6.0000000e+02   8.0000000e+02   0.0000000e+00   5.2337904e+02   5.5592521e+02
   0.0000000e+00   7.0000000e+02   0.0000000e+00   5.1225544e+02   1.8857107e+02
   1.0000000e+02   7.0000000e+02   0.0000000e+00   5.0553477e+02   2.5807967e+02
   2.0000000e+02   7.0000000e+02   0.0000000e+00   4.9958573e+02   3.2108943e+02
   3.0000000e+02   7.0000000e+02   0.0000000e+00   4.9441539e+02   3.7829165e+02
   4.0000000e+02   7.0000000e+02   0.0000000e+00   4.8944261e+02   4.3087447e+02
   5.0000000e+02   7.0000000e+02   0.0000000e+00   4.8468957e+02   4.7925464e+02
   6.0000000e+02   7.0000000e+02   0.0000000e+00   4.7994036e+02   5.2427730e+02
   0.0000000e+00   6.0000000e+02   0.0000000e+00   4.5862187e+02   1.6395653e+02
   1.0000000e+02   6.0000000e+02   0.0000000e+00   4.5476113e+02   2.3212030e+02
   2.0000000e+02   6.0000000e+02   0.0000000e+00   4.5153491e+02   2.9399967e+02
   3.0000000e+02   6.0000000e+02   0.0000000e+00   4.4843718e+02   3.5040090e+02
   4.0000000e+02   6.0000000e+02   0.0000000e+00   4.4520026e+02   4.0244625e+02
   5.0000000e+02   6.0000000e+02   0.0000000e+00   4.4224116e+02   4.5031162e+02
   6.0000000e+02   6.0000000e+02   0.0000000e+00   4.3974828e+02   4.9446655e+02
   0.0000000e+00   5.0000000e+02   0.0000000e+00   4.0878639e+02   1.4108417e+02
   1.0000000e+02   5.0000000e+02   0.0000000e+00   4.0770953e+02   2.0780800e+02
   2.0000000e+02   5.0000000e+02   0.0000000e+00   4.0656360e+02   2.6854820e+02
   3.0000000e+02   5.0000000e+02   0.0000000e+00   4.0525576e+02   3.2432791e+02
   4.0000000e+02   5.0000000e+02   0.0000000e+00   4.0371655e+02   3.7558385e+02
   5.0000000e+02   5.0000000e+02   0.0000000e+00   4.0247036e+02   4.2303738e+02
   6.0000000e+02   5.0000000e+02   0.0000000e+00   4.0140260e+02   4.6702249e+02
   0.0000000e+00   4.0000000e+02   0.0000000e+00   3.6301948e+02   1.1990809e+02
   1.0000000e+02   4.0000000e+02   0.0000000e+00   3.6383048e+02   1.8529406e+02
   2.0000000e+02   4.0000000e+02   0.0000000e+00   3.6449296e+02   2.4489114e+02
   3.0000000e+02   4.0000000e+02   0.0000000e+00   3.6510455e+02   2.9969590e+02
   4.0000000e+02   4.0000000e+02   0.0000000e+00   3.6549009e+02   3.5036636e+02
   5.0000000e+02   4.0000000e+02   0.0000000e+00   3.6547143e+02   3.9731341e+02
   6.0000000e+02   4.0000000e+02   0.0000000e+00   3.6533655e+02   4.4097020e+02
   0.0000000e+00   3.0000000e+02   0.0000000e+00   3.2068318e+02   1.0017175e+02
   1.0000000e+02   3.0000000e+02   0.0000000e+00   3.2304428e+02   1.6417150e+02
   2.0000000e+02   3.0000000e+02   0.0000000e+00   3.2504778e+02   2.2260609e+02
   3.0000000e+02   3.0000000e+02   0.0000000e+00   3.2731197e+02   2.7665711e+02
   4.0000000e+02   3.0000000e+02   0.0000000e+00   3.2908324e+02   3.2664444e+02
   5.0000000e+02   3.0000000e+02   0.0000000e+00   3.3063415e+02   3.7306531e+02
   6.0000000e+02   3.0000000e+02   0.0000000e+00   3.3162156e+02   4.1619467e+02
   0.0000000e+00   2.0000000e+02   0.0000000e+00   2.8140949e+02   8.1870430e+01
   1.0000000e+02   2.0000000e+02   0.0000000e+00   2.8521175e+02   1.4431896e+02
   2.0000000e+02   2.0000000e+02   0.0000000e+00   2.8855903e+02   2.0182585e+02
   3.0000000e+02   2.0000000e+02   0.0000000e+00   2.9171171e+02   2.5498497e+02
   4.0000000e+02   2.0000000e+02   0.0000000e+00   2.9494735e+02   3.0435889e+02
   5.0000000e+02   2.0000000e+02   0.0000000e+00   2.9758336e+02   3.5013303e+02
   6.0000000e+02   2.0000000e+02   0.0000000e+00   2.9972397e+02   3.9291436e+02
   0.0000000e+00   1.0000000e+02   0.0000000e+00   2.4480891e+02   6.4982804e+01
   1.0000000e+02   1.0000000e+02   0.0000000e+00   2.4954984e+02   1.2586211e+02
   2.0000000e+02   1.0000000e+02   0.0000000e+00   2.5427608e+02   1.8231312e+02
   3.0000000e+02   1.0000000e+02   0.0000000e+00   2.5855241e+02   2.3447036e+02
   4.0000000e+02   1.0000000e+02   0.0000000e+00   2.6256146e+02   2.8319215e+02
   5.0000000e+02   1.0000000e+02   0.0000000e+00   2.6629258e+02   3.2851199e+02
   6.0000000e+02   1.0000000e+02   0.0000000e+00   2.6931712e+02   3.7064680e+02
   0.0000000e+00   0.0000000e+00   0.0000000e+00   2.1123626e+02   4.9517224e+01
   1.0000000e+02   0.0000000e+00   0.0000000e+00   2.1649530e+02   1.0870439e+02
   2.0000000e+02   0.0000000e+00   0.0000000e+00   2.2228701e+02   1.6390462e+02
   3.0000000e+02   0.0000000e+00   0.0000000e+00   2.2750707e+02   2.1520167e+02
   4.0000000e+02   0.0000000e+00   0.0000000e+00   2.3237774e+02   2.6310789e+02
   5.0000000e+02   0.0000000e+00   0.0000000e+00   2.3665943e+02   3.0773629e+02
   6.0000000e+02   0.0000000e+00   0.0000000e+00   2.4099540e+02   3.4967354e+02
