   0.0000000e+00   1.0000000e+03   0.0000000e+00   7.8624684e+02   7.8540066e+01
   1.0000000e+02   1.0000000e+03   0.0000000e+00   7.7441947e+02   1.2303319e+02
   2.0000000e+02   1.0000000e+03   0.0000000e+00   7.6319073e+02   1.6511905e+02
   3.0000000e+02   1.0000000e+03   0.0000000e+00   7.5238749e+02   2.0454972e+02
   4.0000000e+02   1.0000000e+03   0.0000000e+00   7.4236233e+02   2.4217414e+02
   5.0000000e+02   1.0000000e+03   0.0000000e+00   7.3268413e+02   2.7736888e+02
   6.0000000e+02   1.0000000e+03   0.0000000e+00   7.2361284e+02   3.1052149e+02
   0.0000000e+00   9.0000000e+02   0.0000000e+00   7.4454466e+02   7.3753564e+01
   1.0000000e+02   9.0000000e+02   0.0000000e+00   7.3364445e+02   1.1897648e+02
   2.0000000e+02   9.0000000e+02   0.0000000e+00   7.2353001e+02   1.6154106e+02
   3.0000000e+02   9.0000000e+02   0.0000000e+00   7.1381586e+02   2.0154296e+02
   4.0000000e+02   9.0000000e+02   0.0000000e+00   7.0467185e+02   2.3941173e+02
   5.0000000e+02   9.0000000e+02   0.0000000e+00   6.9619259e+02   2.7488408e+02
   6.0000000e+02   9.0000000e+02   0.0000000e+00   6.8788938e+02   3.0861780e+02
   0.0000000e+00   8.0000000e+02   0.0000000e+00   7.0215033e+02   6.9014239e+01
   1.0000000e+02   8.0000000e+02   0.0000000e+00   6.9237786e+02   1.1464760e+02
   2.0000000e+02   8.0000000e+02   0.0000000e+00   6.8332984e+02   1.5783691e+02
   3.0000000e+02   8.0000000e+02   0.0000000e+00   6.7463328e+02   1.9829838e+02
   4.0000000e+02   8.0000000e+02   0.0000000e+00   6.6645973e+02   2.3652304e+02
   5.0000000e+02   8.0000000e+02   0.0000000e+00   6.5866594e+02   2.7255810e+02
   6.0000000e+02   8.0000000e+02   0.0000000e+00   6.5151012e+02   3.0660266e+02
   0.0000000e+00   7.0000000e+02   0.0000000e+00   6.5868570e+02   6.3806564e+01
   1.0000000e+02   7.0000000e+02   0.0000000e+00   6.5022499e+02   1.1031180e+02
   2.0000000e+02   7.0000000e+02   0.0000000e+00   6.4225935e+02   1.5396311e+02
   3.0000000e+02   7.0000000e+02   0.0000000e+00   6.3461462e+02   1.9487380e+02
   4.0000000e+02   7.0000000e+02   0.0000000e+00   6.2749629e+02   2.3357383e+02
   5.0000000e+02   7.0000000e+02   0.0000000e+00   6.2076775e+02   2.6992800e+02
   6.0000000e+02   7.0000000e+02   0.0000000e+00   6.1451133e+02   3.0461185e+02
   0.0000000e+00   6.0000000e+02   0.0000000e+00   6.1441748e+02   5.8563101e+01
   1.0000000e+02   6.0000000e+02   0.0000000e+00   6.0723207e+02   1.0565400e+02
   2.0000000e+02   6.0000000e+02   0.0000000e+00   6.0039987e+02   1.4989179e+02
   3.0000000e+02   6.0000000e+02   0.0000000e+00   5.9394920e+02   1.9143914e+02
   4.0000000e+02   6.0000000e+02   0.0000000e+00   5.8784508e+02   2.3055641e+02
   5.0000000e+02   6.0000000e+02   0.0000000e+00   5.8221368e+02   2.6755264e+02
   6.0000000e+02   6.0000000e+02   0.0000000e+00   5.7665755e+02   3.0223440e+02
   0.0000000e+00   5.0000000e+02   0.0000000e+00   5.6893657e+02   5.3189641e+01
   1.0000000e+02   5.0000000e+02   0.0000000e+00   5.6305127e+02   1.0076854e+02
   2.0000000e+02   5.0000000e+02   0.0000000e+00   5.5749644e+02   1.4556305e+02
   3.0000000e+02   5.0000000e+02   0.0000000e+00   5.5237162e+02   1.8766888e+02
   4.0000000e+02   5.0000000e+02   0.0000000e+00   5.4737187e+02   2.2745048e+02
   5.0000000e+02   5.0000000e+02   0.0000000e+00   5.4263025e+02   2.6488169e+02
   6.0000000e+02   5.0000000e+02   0.0000000e+00   5.3822867e+02   2.9997393e+02
   0.0000000e+00   4.0000000e+02   0.0000000e+00   5.2248371e+02   4.7475962e+01
   1.0000000e+02   4.0000000e+02   0.0000000e+00   5.1790355e+02   9.5773837e+01
   2.0000000e+02   4.0000000e+02   0.0000000e+00   5.1370460e+02   1.4119423e+02
   3.0000000e+02   4.0000000e+02   0.0000000e+00   5.0967241e+02   1.8378961e+02
   4.0000000e+02   4.0000000e+02   0.0000000e+00   5.0591131e+02   2.2393189e+02
   5.0000000e+02   4.0000000e+02   0.0000000e+00   5.0235612e+02   2.6181304e+02
   6.0000000e+02   4.0000000e+02   0.0000000e+00   4.9877494e+02   2.9765219e+02
   0.0000000e+00   3.0000000e+02   0.0000000e+00   4.7480156e+02   4.1379204e+01
   1.0000000e+02   3.0000000e+02   0.0000000e+00   4.7172686e+02   9.0467534e+01
   2.0000000e+02   3.0000000e+02   0.0000000e+00   4.6895476e+02   1.3652346e+02
   3.0000000e+02   3.0000000e+02   0.0000000e+00   4.6615172e+02   1.7974399e+02
   4.0000000e+02   3.0000000e+02   0.0000000e+00   4.6351453e+02   2.2046268e+02
   5.0000000e+02   3.0000000e+02   0.0000000e+00   4.6105143e+02   2.5871653e+02
   6.0000000e+02   3.0000000e+02   0.0000000e+00   4.5854986e+02   2.9509464e+02
   0.0000000e+00   2.0000000e+02   0.0000000e+00   4.2592708e+02   3.5176110e+01
   1.0000000e+02   2.0000000e+02   0.0000000e+00   4.2436702e+02   8.4805511e+01
   2.0000000e+02   2.0000000e+02   0.0000000e+00   4.2284094e+02   1.3157389e+02
   3.0000000e+02   2.0000000e+02   0.0000000e+00   4.2148972e+02   1.7553204e+02
   4.0000000e+02   2.0000000e+02   0.0000000e+00   4.2015825e+02   2.1673662e+02
   5.0000000e+02   2.0000000e+02   0.0000000e+00   4.1866344e+02   2.5563228e+02
   6.0000000e+02   2.0000000e+02   0.0000000e+00   4.1743531e+02   2.9244468e+02
   0.0000000e+00   1.0000000e+02   0.0000000e+00   3.7580545e+02   2.8793676e+01
   1.0000000e+02   1.0000000e+02   0.0000000e+00   3.7568811e+02   7.9322675e+01
   2.0000000e+02   1.0000000e+02   0.0000000e+00   3.7562176e+02   1.2647757e+02
   3.0000000e+02   1.0000000e+02   0.0000000e+00   3.7560895e+02   1.7095714e+02
   4.0000000e+02   1.0000000e+02   0.0000000e+00   3.7549553e+02   2.1305144e+02
   5.0000000e+02   1.0000000e+02   0.0000000e+00   3.7538794e+02   2.5251107e+02
   6.0000000e+02   1.0000000e+02   0.0000000e+00   3.7523999e+02   2.8966510e+02
   0.0000000e+00   0.0000000e+00   0.0000000e+00   3.2456450e+02   2.2248291e+01
   1.0000000e+02   0.0000000e+00   0.0000000e+00   3.2597017e+02   7.3451643e+01
   2.0000000e+02   0.0000000e+00   0.0000000e+00   3.2736309e+02   1.2144006e+02
   3.0000000e+02   0.0000000e+00   0.0000000e+00   3.2866528e+02   1.6650052e+02
   4.0000000e+02   0.0000000e+00   0.0000000e+00   3.2985116e+02   2.0896955e+02
   5.0000000e+02   0.0000000e+00   0.0000000e+00   3.3086898e+02   2.4916886e+02
   6.0000000e+02   0.0000000e+00   0.0000000e+00   3.3198117e+02   2.8668774e+02
