   0.0000000e+00   1.0000000e+03   0.0000000e+00   7.5427914e+02   6.8959520e+01
   1.0000000e+02   1.0000000e+03   0.0000000e+00   7.4355017e+02   1.1300552e+02
   2.0000000e+02   1.0000000e+03   0.0000000e+00   7.3339945e+02   1.5458084e+02
   3.0000000e+02   1.0000000e+03   0.0000000e+00   7.2360788e+02   1.9351316e+02
   4.0000000e+02   1.0000000e+03   0.0000000e+00   7.1450271e+02   2.3067804e+02
   5.0000000e+02   1.0000000e+03   0.0000000e+00   7.0573627e+02   2.6561599e+02
   6.0000000e+02   1.0000000e+03   0.0000000e+00   6.9747265e+02   2.9857291e+02
   0.0000000e+00   9.0000000e+02   0.0000000e+00   7.1484846e+02   6.5636945e+01
   1.0000000e+02   9.0000000e+02   0.0000000e+00   7.0520194e+02   1.1048994e+02
   2.0000000e+02   9.0000000e+02   0.0000000e+00   6.9594154e+02   1.5261040e+02
   3.0000000e+02   9.0000000e+02   0.0000000e+00   6.8721952e+02   1.9246108e+02
   4.0000000e+02   9.0000000e+02   0.0000000e+00   6.7877888e+02   2.2987383e+02
   5.0000000e+02   9.0000000e+02   0.0000000e+00   6.7096114e+02   2.6534280e+02
   6.0000000e+02   9.0000000e+02   0.0000000e+00   6.6353034e+02   2.9882954e+02
   0.0000000e+00   8.0000000e+02   0.0000000e+00   6.7450502e+02   6.2197453e+01
   1.0000000e+02   8.0000000e+02   0.0000000e+00   6.6563945e+02   1.0761670e+02
   2.0000000e+02   8.0000000e+02   0.0000000e+00   6.5750517e+02   1.5065785e+02
   3.0000000e+02   8.0000000e+02   0.0000000e+00   6.4960556e+02   1.9089752e+02
   4.0000000e+02   8.0000000e+02   0.0000000e+00   6.4222616e+02   2.2909673e+02
   5.0000000e+02   8.0000000e+02   0.0000000e+00   6.3523605e+02   2.6485003e+02
   6.0000000e+02   8.0000000e+02   0.0000000e+00   6.2857858e+02   2.9912398e+02
   0.0000000e+00   7.0000000e+02   0.0000000e+00   6.3260101e+02   5.8475999e+01
   1.0000000e+02   7.0000000e+02   0.0000000e+00   6.2503666e+02   1.0484274e+02
   2.0000000e+02   7.0000000e+02   0.0000000e+00   6.1779175e+02   1.4850322e+02
   3.0000000e+02   7.0000000e+02   0.0000000e+00   6.1098115e+02   1.8946216e+02
   4.0000000e+02   7.0000000e+02   0.0000000e+00   6.0450714e+02   2.2826852e+02
   5.0000000e+02   7.0000000e+02   0.0000000e+00   5.9845322e+02   2.6457747e+02
   6.0000000e+02   7.0000000e+02   0.0000000e+00   5.9270785e+02   2.9929683e+02
   0.0000000e+00   6.0000000e+02   0.0000000e+00   5.8947556e+02   5.4560746e+01
   1.0000000e+02   6.0000000e+02   0.0000000e+00   5.8314023e+02   1.0172866e+02
   2.0000000e+02   6.0000000e+02   0.0000000e+00   5.7699683e+02   1.4622427e+02
   3.0000000e+02   6.0000000e+02   0.0000000e+00   5.7131916e+02   1.8773095e+02
   4.0000000e+02   6.0000000e+02   0.0000000e+00   5.6574274e+02   2.2728188e+02
   5.0000000e+02   6.0000000e+02   0.0000000e+00   5.6057475e+02   2.6434881e+02
   6.0000000e+02   6.0000000e+02   0.0000000e+00   5.5563787e+02   2.9921557e+02
   0.0000000e+00   5.0000000e+02   0.0000000e+00   5.4461557e+02   5.0452026e+01
   1.0000000e+02   5.0000000e+02   0.0000000e+00   5.3953448e+02   9.8514181e+01
   2.0000000e+02   5.0000000e+02   0.0000000e+00   5.3462503e+02   1.4353278e+02
   3.0000000e+02   5.0000000e+02   0.0000000e+00   5.3009609e+02   1.8615386e+02
   4.0000000e+02   5.0000000e+02   0.0000000e+00   5.2565053e+02   2.2626024e+02
   5.0000000e+02   5.0000000e+02   0.0000000e+00   5.2157430e+02   2.6371526e+02
   6.0000000e+02   5.0000000e+02   0.0000000e+00   5.1756286e+02   2.9928130e+02
   0.0000000e+00   4.0000000e+02   0.0000000e+00   4.9828247e+02   4.6089356e+01
   1.0000000e+02   4.0000000e+02   0.0000000e+00   4.9453172e+02   9.4996854e+01
   2.0000000e+02   4.0000000e+02   0.0000000e+00   4.9086907e+02   1.4093669e+02
   3.0000000e+02   4.0000000e+02   0.0000000e+00   4.8751953e+02   1.8423332e+02
   4.0000000e+02   4.0000000e+02   0.0000000e+00   4.8431449e+02   2.2471999e+02
   5.0000000e+02   4.0000000e+02   0.0000000e+00   4.8134527e+02   2.6325159e+02
   6.0000000e+02   4.0000000e+02   0.0000000e+00   4.7835439e+02   2.9933721e+02
   0.0000000e+00   3.0000000e+02   0.0000000e+00   4.5009388e+02   4.1342578e+01
   1.0000000e+02   3.0000000e+02   0.0000000e+00   4.4772864e+02   9.1340128e+01
   2.0000000e+02   3.0000000e+02   0.0000000e+00   4.4559101e+02   1.3824946e+02
   3.0000000e+02   3.0000000e+02   0.0000000e+00   4.4350116e+02   1.8218195e+02
   4.0000000e+02   3.0000000e+02   0.0000000e+00   4.4149162e+02   2.2345616e+02
   5.0000000e+02   3.0000000e+02   0.0000000e+00   4.3951092e+02   2.6236997e+02
   6.0000000e+02   3.0000000e+02   0.0000000e+00   4.3753297e+02   2.9920894e+02
   0.0000000e+00   2.0000000e+02   0.0000000e+00   4.0015357e+02   3.6343468e+01
   1.0000000e+02   2.0000000e+02   0.0000000e+00   3.9928134e+02   8.7269156e+01
   2.0000000e+02   2.0000000e+02   0.0000000e+00   3.9853474e+02   1.3499789e+02
   3.0000000e+02   2.0000000e+02   0.0000000e+00   3.9774579e+02   1.7979364e+02
   4.0000000e+02   2.0000000e+02   0.0000000e+00   3.9704396e+02   2.2185808e+02
   5.0000000e+02   2.0000000e+02   0.0000000e+00   3.9629217e+02   2.6156951e+02
   6.0000000e+02   2.0000000e+02   0.0000000e+00   3.9550373e+02   2.9883325e+02
   0.0000000e+00   1.0000000e+02   0.0000000e+00   3.4835147e+02   3.1334530e+01
   1.0000000e+02   1.0000000e+02   0.0000000e+00   3.4884939e+02   8.3140364e+01
   2.0000000e+02   1.0000000e+02   0.0000000e+00   3.4968060e+02   1.3174857e+02
   3.0000000e+02   1.0000000e+02   0.0000000e+00   3.5039465e+02   1.7743503e+02
   4.0000000e+02   1.0000000e+02   0.0000000e+00   3.5095399e+02   2.2037835e+02
   5.0000000e+02   1.0000000e+02   0.0000000e+00   3.5148563e+02   2.6065398e+02
   6.0000000e+02   1.0000000e+02   0.0000000e+00   3.5185233e+02   2.9870852e+02
   0.0000000e+00   0.0000000e+00   0.0000000e+00   2.9453557e+02   2.6054034e+01
   1.0000000e+02   0.0000000e+00   0.0000000e+00   2.9674630e+02   7.8953416e+01
   2.0000000e+02   0.0000000e+00   0.0000000e+00   2.9906441e+02   1.2844236e+02
   3.0000000e+02   0.0000000e+00   0.0000000e+00   3.0122742e+02   1.7484521e+02
   4.0000000e+02   0.0000000e+00   0.0000000e+00   3.0325616e+02   2.1860318e+02
   5.0000000e+02   0.0000000e+00   0.0000000e+00   3.0509338e+02   2.5971629e+02
   6.0000000e+02   0.0000000e+00   0.0000000e+00   3.0673408e+02   2.9839324e+02
