   0.0000000e+00   1.0000000e+03   0.0000000e+00   9.0074440e+02   2.5652242e+02
   1.0000000e+02   1.0000000e+03   0.0000000e+00   8.7519455e+02   3.2344447e+02
   2.0000000e+02   1.0000000e+03   0.0000000e+00   8.5177437e+02   3.8426185e+02
   3.0000000e+02   1.0000000e+03   0.0000000e+00   8.3071913e+02   4.3910405e+02
   4.0000000e+02   1.0000000e+03   0.0000000e+00   8.1154618e+02   4.9021884e+02
   5.0000000e+02   1.0000000e+03   0.0000000e+00   7.9401307e+02   5.3633001e+02
   6.0000000e+02   1.0000000e+03   0.0000000e+00   7.7776737e+02   5.7899956e+02
   0.0000000e+00   9.0000000e+02   0.0000000e+00   8.2350947e+02   2.4130786e+02
   1.0000000e+02   9.0000000e+02   0.0000000e+00   8.0155353e+02   3.0836843e+02
   2.0000000e+02   9.0000000e+02   0.0000000e+00   7.8187876e+02   3.6939291e+02
   3.0000000e+02   9.0000000e+02   0.0000000e+00   7.6405136e+02   4.2454214e+02
   4.0000000e+02   9.0000000e+02   0.0000000e+00   7.4764265e+02   4.7538659e+02
   5.0000000e+02   9.0000000e+02   0.0000000e+00   7.3265958e+02   5.2211263e+02
   6.0000000e+02   9.0000000e+02   0.0000000e+00   7.1910642e+02   5.6532582e+02
   0.0000000e+00   8.0000000e+02   0.0000000e+00   7.4758923e+02   2.2628585e+02
   1.0000000e+02   8.0000000e+02   0.0000000e+00   7.2946671e+02   2.9358414e+02
   2.0000000e+02   8.0000000e+02   0.0000000e+00   7.1320156e+02   3.5471557e+02
   3.0000000e+02   8.0000000e+02   0.0000000e+00   6.9835443e+02   4.1007547e+02
   4.0000000e+02   8.0000000e+02   0.0000000e+00   6.8474335e+02   4.6090706e+02
   5.0000000e+02   8.0000000e+02   0.0000000e+00   6.7252748e+02   5.0782411e+02
   6.0000000e+02   8.0000000e+02   0.0000000e+00   6.6104536e+02   5.5154591e+02
   0.0000000e+00   7.0000000e+02   0.0000000e+00   6.7307416e+02   2.1149401e+02
   1.0000000e+02   7.0000000e+02   0.0000000e+00   6.5859514e+02   2.7888669e+02
   2.0000000e+02   7.0000000e+02   0.0000000e+00   6.4567091e+02   3.4009907e+02
   3.0000000e+02   7.0000000e+02   0.0000000e+00   6.3379890e+02   3.9568020e+02
   4.0000000e+02   7.0000000e+02   0.0000000e+00   6.2306504e+02   4.4689972e+02
   5.0000000e+02   7.0000000e+02   0.0000000e+00   6.1316120e+02   4.9422811e+02
   6.0000000e+02   7.0000000e+02   0.0000000e+00   6.0377299e+02   5.3820946e+02
   0.0000000e+00   6.0000000e+02   0.0000000e+00   5.9974232e+02   1.9645179e+02
   1.0000000e+02   6.0000000e+02   0.0000000e+00   5.8900056e+02   2.6441520e+02
   2.0000000e+02   6.0000000e+02   0.0000000e+00   5.7929202e+02   3.2564419e+02
   3.0000000e+02   6.0000000e+02   0.0000000e+00   5.7045094e+02   3.8160300e+02
   4.0000000e+02   6.0000000e+02   0.0000000e+00   5.6203077e+02   4.3336251e+02
   5.0000000e+02   6.0000000e+02   0.0000000e+00   5.5444570e+02   4.8080048e+02
   6.0000000e+02   6.0000000e+02   0.0000000e+00   5.4743089e+02   5.2457217e+02
   0.0000000e+00   5.0000000e+02   0.0000000e+00   5.2715342e+02   1.8149683e+02
   1.0000000e+02   5.0000000e+02   0.0000000e+00   5.2010241e+02   2.4963049e+02
   2.0000000e+02   5.0000000e+02   0.0000000e+00   5.1348669e+02   3.1140417e+02
   3.0000000e+02   5.0000000e+02   0.0000000e+00   5.0736321e+02   3.6770537e+02
   4.0000000e+02   5.0000000e+02   0.0000000e+00   5.0146828e+02   4.1969877e+02
   5.0000000e+02   5.0000000e+02   0.0000000e+00   4.9613866e+02   4.6760339e+02
   6.0000000e+02   5.0000000e+02   0.0000000e+00   4.9111363e+02   5.1170954e+02
   0.0000000e+00   4.0000000e+02   0.0000000e+00   4.5531313e+02   1.6645439e+02
   1.0000000e+02   4.0000000e+02   0.0000000e+00   4.5157996e+02   2.3494006e+02
   2.0000000e+02   4.0000000e+02   0.0000000e+00   4.4819974e+02   2.9704511e+02
   3.0000000e+02   4.0000000e+02   0.0000000e+00   4.4478814e+02   3.5369637e+02
   4.0000000e+02   4.0000000e+02   0.0000000e+00   4.4161074e+02   4.0593144e+02
   5.0000000e+02   4.0000000e+02   0.0000000e+00   4.3850920e+02   4.5429359e+02
   6.0000000e+02   4.0000000e+02   0.0000000e+00   4.3544773e+02   4.9908725e+02
   0.0000000e+00   3.0000000e+02   0.0000000e+00   3.8403509e+02   1.5109947e+02
   1.0000000e+02   3.0000000e+02   0.0000000e+00   3.8356475e+02   2.2012504e+02
   2.0000000e+02   3.0000000e+02   0.0000000e+00   3.8298486e+02   2.8285465e+02
   3.0000000e+02   3.0000000e+02   0.0000000e+00   3.8247700e+02   3.3999457e+02
   4.0000000e+02   3.0000000e+02   0.0000000e+00   3.8193824e+02   3.9259166e+02
   5.0000000e+02   3.0000000e+02   0.0000000e+00   3.8116926e+02   4.4095474e+02
   6.0000000e+02   3.0000000e+02   0.0000000e+00   3.8018694e+02   4.8613119e+02
   0.0000000e+00   2.0000000e+02   0.0000000e+00   3.1323017e+02   1.3579100e+02
   1.0000000e+02   2.0000000e+02   0.0000000e+00   3.1599459e+02   2.0524965e+02
   2.0000000e+02   2.0000000e+02   0.0000000e+00   3.1847560e+02   2.6846528e+02
   3.0000000e+02   2.0000000e+02   0.0000000e+00   3.2035524e+02   3.2615901e+02
   4.0000000e+02   2.0000000e+02   0.0000000e+00   3.2237119e+02   3.7909060e+02
   5.0000000e+02   2.0000000e+02   0.0000000e+00   3.2391571e+02   4.2786611e+02
   6.0000000e+02   2.0000000e+02   0.0000000e+00   3.2504580e+02   4.7329442e+02
   0.0000000e+00   1.0000000e+02   0.0000000e+00   2.4332292e+02   1.2106177e+02
   1.0000000e+02   1.0000000e+02   0.0000000e+00   2.4882863e+02   1.9066127e+02
   2.0000000e+02   1.0000000e+02   0.0000000e+00   2.5410128e+02   2.5425231e+02
   3.0000000e+02   1.0000000e+02   0.0000000e+00   2.5883273e+02   3.1226042e+02
   4.0000000e+02   1.0000000e+02   0.0000000e+00   2.6307702e+02   3.6566365e+02
   5.0000000e+02   1.0000000e+02   0.0000000e+00   2.6694006e+02   4.1493042e+02
   6.0000000e+02   1.0000000e+02   0.0000000e+00   2.7005503e+02   4.6064278e+02
   0.0000000e+00   0.0000000e+00   0.0000000e+00   1.7464552e+02   1.0657237e+02
   1.0000000e+02   0.0000000e+00   0.0000000e+00   1.8268020e+02   1.7639473e+02
   2.0000000e+02   0.0000000e+00   0.0000000e+00   1.9072664e+02   2.4001238e+02
   3.0000000e+02   0.0000000e+00   0.0000000e+00   1.9785379e+02   2.9843032e+02
   4.0000000e+02   0.0000000e+00   0.0000000e+00   2.0458567e+02   3.5223875e+02
   5.0000000e+02   0.0000000e+00   0.0000000e+00   2.1037406e+02   4.0191440e+02
   6.0000000e+02   0.0000000e+00   0.0000000e+00   2.1599903e+02   4.4771839e+02
