   0.0000000e+00   1.0000000e+03   0.0000000e+00   9.2118917e+02   1.3532343e+02
   1.0000000e+02   1.0000000e+03   0.0000000e+00   9.0304203e+02   1.8475553e+02
   2.0000000e+02   1.0000000e+03   0.0000000e+00   8.8588037e+02   2.3130057e+02
   3.0000000e+02   1.0000000e+03   0.0000000e+00   8.7000073e+02   2.7444761e+02
   4.0000000e+02   1.0000000e+03   0.0000000e+00   8.5490753e+02   3.1541041e+02
   5.0000000e+02   1.0000000e+03   0.0000000e+00   8.4087313e+02   3.5339343e+02
   6.0000000e+02   1.0000000e+03   0.0000000e+00   8.2782955e+02   3.8919238e+02
   0.0000000e+00   9.0000000e+02   0.0000000e+00   8.6969612e+02   1.2230165e+02
   1.0000000e+02   9.0000000e+02   0.0000000e+00   8.5345910e+02   1.7144048e+02
   2.0000000e+02   9.0000000e+02   0.0000000e+00   8.3813196e+02   2.1757553e+02
   3.0000000e+02   9.0000000e+02   0.0000000e+00   8.2377345e+02   2.6048420e+02
   4.0000000e+02   9.0000000e+02   0.0000000e+00   8.1049365e+02   3.0098229e+02
   5.0000000e+02   9.0000000e+02   0.0000000e+00   7.9809853e+02   3.3882060e+02
   6.0000000e+02   9.0000000e+02   0.0000000e+00   7.8630616e+02   3.7452135e+02
   0.0000000e+00   8.0000000e+02   0.0000000e+00   8.2031794e+02   1.0979957e+02
   1.0000000e+02   8.0000000e+02   0.0000000e+00   8.0574527e+02   1.5851954e+02
   2.0000000e+02   8.0000000e+02   0.0000000e+00   7.9213395e+02   2.0426171e+02
   3.0000000e+02   8.0000000e+02   0.0000000e+00   7.7951508e+02   2.4693090e+02
   4.0000000e+02   8.0000000e+02   0.0000000e+00   7.6761900e+02   2.8697699e+02
   5.0000000e+02   8.0000000e+02   0.0000000e+00   7.5653940e+02   3.2468788e+02
   6.0000000e+02   8.0000000e+02   0.0000000e+00   7.4609094e+02   3.6033103e+02
   0.0000000e+00   7.0000000e+02   0.0000000e+00   7.7256041e+02   9.7662206e+01
   1.0000000e+02   7.0000000e+02   0.0000000e+00   7.5974087e+02   1.4598091e+02
   2.0000000e+02   7.0000000e+02   0.0000000e+00   7.4788058e+02   1.9145704e+02
   3.0000000e+02   7.0000000e+02   0.0000000e+00   7.3670858e+02   2.3368392e+02
   4.0000000e+02   7.0000000e+02   0.0000000e+00   7.2640598e+02   2.7359308e+02
   5.0000000e+02   7.0000000e+02   0.0000000e+00   7.1656724e+02   3.1099915e+02
   6.0000000e+02   7.0000000e+02   0.0000000e+00   7.0734074e+02   3.4652491e+02
   0.0000000e+00   6.0000000e+02   0.0000000e+00   7.2662468e+02   8.6160691e+01
   1.0000000e+02   6.0000000e+02   0.0000000e+00   7.1556780e+02   1.3397591e+02
   2.0000000e+02   6.0000000e+02   0.0000000e+00   7.0535174e+02   1.7889231e+02
   3.0000000e+02   6.0000000e+02   0.0000000e+00   6.9557568e+02   2.2098301e+02
   4.0000000e+02   6.0000000e+02   0.0000000e+00   6.8638797e+02   2.6065299e+02
   5.0000000e+02   6.0000000e+02   0.0000000e+00   6.7778831e+02   2.9787961e+02
   6.0000000e+02   6.0000000e+02   0.0000000e+00   6.6987348e+02   3.3283083e+02
   0.0000000e+00   5.0000000e+02   0.0000000e+00   6.8235117e+02   7.4690765e+01
   1.0000000e+02   5.0000000e+02   0.0000000e+00   6.7273930e+02   1.2218339e+02
   2.0000000e+02   5.0000000e+02   0.0000000e+00   6.6394378e+02   1.6675980e+02
   3.0000000e+02   5.0000000e+02   0.0000000e+00   6.5556878e+02   2.0853234e+02
   4.0000000e+02   5.0000000e+02   0.0000000e+00   6.4764953e+02   2.4800329e+02
   5.0000000e+02   5.0000000e+02   0.0000000e+00   6.4032296e+02   2.8504665e+02
   6.0000000e+02   5.0000000e+02   0.0000000e+00   6.3337103e+02   3.1996068e+02
   0.0000000e+00   4.0000000e+02   0.0000000e+00   6.3953617e+02   6.3574443e+01
   1.0000000e+02   4.0000000e+02   0.0000000e+00   6.3156171e+02   1.1060321e+02
   2.0000000e+02   4.0000000e+02   0.0000000e+00   6.2412412e+02   1.5487855e+02
   3.0000000e+02   4.0000000e+02   0.0000000e+00   6.1714807e+02   1.9640947e+02
   4.0000000e+02   4.0000000e+02   0.0000000e+00   6.1044392e+02   2.3547400e+02
   5.0000000e+02   4.0000000e+02   0.0000000e+00   6.0410120e+02   2.7244528e+02
   6.0000000e+02   4.0000000e+02   0.0000000e+00   5.9810431e+02   3.0729683e+02
   0.0000000e+00   3.0000000e+02   0.0000000e+00   5.9831504e+02   5.2631428e+01
   1.0000000e+02   3.0000000e+02   0.0000000e+00   5.9155459e+02   9.9407776e+01
   2.0000000e+02   3.0000000e+02   0.0000000e+00   5.8536539e+02   1.4330716e+02
   3.0000000e+02   3.0000000e+02   0.0000000e+00   5.7954230e+02   1.8451025e+02
   4.0000000e+02   3.0000000e+02   0.0000000e+00   5.7410158e+02   2.2342568e+02
   5.0000000e+02   3.0000000e+02   0.0000000e+00   5.6878776e+02   2.5986815e+02
   6.0000000e+02   3.0000000e+02   0.0000000e+00   5.6374465e+02   2.9469367e+02
   0.0000000e+00   2.0000000e+02   0.0000000e+00   5.5828960e+02   4.2078942e+01
   1.0000000e+02   2.0000000e+02   0.0000000e+00   5.5288012e+02   8.8335708e+01
   2.0000000e+02   2.0000000e+02   0.0000000e+00   5.4783373e+02   1.3179324e+02
   3.0000000e+02   2.0000000e+02   0.0000000e+00   5.4319665e+02   1.7285827e+02
   4.0000000e+02   2.0000000e+02   0.0000000e+00   5.3872830e+02   2.1148715e+02
   5.0000000e+02   2.0000000e+02   0.0000000e+00   5.3448739e+02   2.4803378e+02
   6.0000000e+02   2.0000000e+02   0.0000000e+00   5.3050312e+02   2.8256679e+02
   0.0000000e+00   1.0000000e+02   0.0000000e+00   5.1944940e+02   3.1664954e+01
   1.0000000e+02   1.0000000e+02   0.0000000e+00   5.1529128e+02   7.7532674e+01
   2.0000000e+02   1.0000000e+02   0.0000000e+00   5.1146545e+02   1.2067347e+02
   3.0000000e+02   1.0000000e+02   0.0000000e+00   5.0780705e+02   1.6140594e+02
   4.0000000e+02   1.0000000e+02   0.0000000e+00   5.0441806e+02   1.9993608e+02
   5.0000000e+02   1.0000000e+02   0.0000000e+00   5.0105157e+02   2.3624202e+02
   6.0000000e+02   1.0000000e+02   0.0000000e+00   4.9770077e+02   2.7060971e+02
   0.0000000e+00   0.0000000e+00   0.0000000e+00   4.8183119e+02   2.1698007e+01
   1.0000000e+02   0.0000000e+00   0.0000000e+00   4.7874137e+02   6.7044572e+01
   2.0000000e+02   0.0000000e+00   0.0000000e+00   4.7608510e+02   1.0975021e+02
   3.0000000e+02   0.0000000e+00   0.0000000e+00   4.7347309e+02   1.5031150e+02
   4.0000000e+02   0.0000000e+00   0.0000000e+00   4.7097942e+02   1.8853079e+02
   5.0000000e+02   0.0000000e+00   0.0000000e+00   4.6850031e+02   2.2464097e+02
   6.0000000e+02   0.0000000e+00   0.0000000e+00   4.6633910e+02   2.5897991e+02
